25030
15884
8971
9234
15867
20123
13102
13306
1287
14759
20682
27396
9249
8057
7318
19368
19118
12918
16770
14192
725
8953
11596
12835
192
10945
859
6530
3283
13822
3575
260
12546
2491
10612
1283
3462
20734
9749
1475
14215
2644
9183
26904
10968
9617
8245
5319
7069
5824
11623
6129
6113
14557
17675
553
2576
29949
7812
2530
14387
18293
13955
14643
1952
1747
15169
17369
5173
19142
646
5888
53
9595
3797
241
9855
1239
2735
2952
14359
9548
25325
17578
2290
18864
1733
16815
678
539
8191
9751
440
1000
1000
249
256
99000
99000
99000
