3891
13136
20076
17434
4953
6901
17374
460
6746
4050
8081
17818
2131
1090
17596
8914
7748
11103
4659
21351
1772
1733
12491
1378
926
8393
8662
15900
2655
2500
14337
11531
5877
475
3519
273
17592
12073
750
9372
1518
3415
6031
13358
2617
21556
10840
1099
7679
3776
17677
20573
12753
7050
6843
18209
4747
12179
8544
9996
5830
11535
16450
5789
4536
8231
791
22181
12529
9343
6513
1495
2364
8687
17790
9217
10239
21331
2758
2625
14268
9329
14603
3698
13820
7495
31267
5228
6459
13018
22836
8535
14468
1000
1000
345
394
99000
99000
99000
