10 5
107994598 137102191 83751760 23335475 142960487 172068080 29193771 71243968 82544202 30014956
83147981 44158160 53350431 12121419 10914937
42 9
131906273 191593054 233040800 18424408 103425647 10609162 18628207 43647130 66860795 8513266 191057918 32785601 105592836 9048402 111814982 24970355 9984925 205653052 104897306 75870354 66338432 74830643 70768623 293824498 17155109 16328512 141307556 17800171 500306 38703970 73367789 183777808 278690189 97311167 179339615 164744481 97313231 97082060 119630228 103960783 55999266 320137935
87097135 26313437 7815246 87632271 86964629 20723873 19448926 44268464 65680780
33 8
91731120 17923774 9726959 127464602 30941482 25150222 16381380 81881145 183667567 19775121 356021712 76975136 100499962 14794648 86580208 26692616 85743978 192436409 10150306 35461458 26297140 143950103 1381464 169862560 94512820 154222296 178631402 201205251 264101791 102437396 61345608 7612538 780159
59051362 34681299 54616502 8768842 90715065 42059291 45583457 20545894
40 5
44804001 107578741 103927939 55935713 185642470 44947153 33116576 33259728 29490393 2659674 4460456 52309530 239592755 149841601 6285857 237791973 123010882 197305276 109379523 54134931 163354427 107554122 170859956 105753340 148040819 226104548 195504494 159728244 128572477 206636206 85290698 87091480 138709889 315855702 163329808 31315794 161529026 46747935 85266079 130373259
76262947 74437546 78063729 9330930 51618409
32 9
23146211 348937124 103081650 205119849 3927713 215295591 96809222 14046488 76470048 255476205 226622631 133361296 120671064 198887179 98089918 53419851 37915918 62788079 29699494 185323702 54850422 22262912 155044056 28816195 126648733 114750485 39346020 74686327 106812828 146924773 174660225 131998104
77147682 41845843 77996633 11290573 48049038 11930921 65820642 87279983 96100288
13 2
165186897 25172676 96536727 94727473 166996151 70459424 69554797 904627 24268049 26077303 95632100 166091524 71364051
95632100 70459424
28 5
96817531 18203589 142420926 131611159 58231234 118845235 11421585 25616725 101985985 10606119 40429312 38184630 145608280 104032648 124820464 239034809 139633051 23372043 167834003 110007877 29220066 32209401 40231293 31393935 224222222 52997217 89220061 203648
14812587 20787816 78613942 53711825 81401817
22 10
236674291 144198016 243646206 73971712 138819312 62501057 111595190 66999797 116973894 79418160 78706000 61621093 231295587 202312935 79350416 52915017 222589511 57122353 313299569 143625075 151688064 143477037
53457194 41106575 44603080 41436069 23053489 47720674 33770987 58421404 98196027 93004123
13 2
7298957 38221539 67999242 56759869 3940416 49460912 18538330 94981408 60700285 45520496 11239373 117460154 106220781
11239373 49460912
40 3
7887999 74244535 41142 64847017 124772850 124813992 194359768 116884851 69545776 4698759 4739901 159566309 82132534 90020533 151678310 77474917 116925993 30094700 39492218 4657617 47380217 82173676 39451076 42640316 112186092 112227234 77433775 194318626 34752317 77392633 12586758 34793459 47339075 82091392 42681458 30053558 159607451 159525167 229112085 146979551
34793459 82132534 34752317
37 9
90572254 132860701 311932575 45244270 26989404 110646882 353461836 15088009 338313903 277682742 30239975 324071368 103144994 153876622 2912390 277981624 264086252 17274433 87532717 290467580 231230594 216239929 237704924 114378389 174710668 210561836 284789487 157018184 177372645 85981281 251600296 259816116 11427092 15301769 278743384 156822239 163477273
91354320 26381328 60332279 74227651 33189191 56945586 62994256 78118059 80860882
15 7
193285620 1201406 118837790 171928915 79799849 58830070 93330472 227786022 49659321 218542550 64615217 69840333 221613949 126363579 172241955
22022844 99704760 73425561 45230644 35063830 54681414 72042570
40 3
50580859 81744446 56046668 80607596 109478929 26597633 51158561 24560928 52295411 30585885 21709526 25697778 28312185 57183518 3988252 2851402 29449035 80029894 26834628 4888107 22846376 23983226 77756194 55146813 53432261 54009963 56283663 1714552 78893044 1136850 48307159 82881296 27734483 108342079 54909818 107205229 25460783 49444009 2614407 3751257
29449035 26597633 52295411
96 6
192470972 116708682 111490710 171557335 191514807 41135035 33841891 9440449 112678349 344472598 106119526 82106318 259530635 93908516 12040721 8898319 43278839 258506236 30810554 93840282 60236914 97413749 70851473 14090490 3766009 12471786 38103698 100445086 320459390 147544127 55061773 281374636 173564273 109647012 65386254 89399462 76000813 45882100 184456685 126076998 15114889 136929568 75501514 179712609 170532936 88234076 232486090 255474899 92695474 118783854 235517427 256499298 15046655 176638441 343448199 178850479 357136926 83725022 107529009 296208171 14572759 106572844 113412670 381150134 3723178 135503918 173176039 18146226 27779217 161373841 155268336 143035073 124458294 202795453 78144617 94339581 85633804 130824063 173607104 57162746 155793436 15503123 166117917 115709686 81175954 75266492 79074981 69895308 53175244 7821745 67820136 72969476 103088189 77188452 32911527 154837271
18338768 24013208 84941963 87973300 81867795 77648819
42 4
197485071 91766405 18628150 105718666 65741510 60151340 254864490 57379419 171460176 79693771 11491946 123381470 1225887 77233456 45887473 111620442 131743561 115019379 13952261 71912368 80274459 83404314 23252974 263226581 51789249 100128496 189122980 85595547 88994484 63550277 97356575 2771921 180760889 103258351 39977156 154735994 5590170 31615065 163098085 119982533 37525382 68513431
8362091 65741510 91766405 58605306
15 8
66529832 76045626 176862650 120697116 105048690 123349623 87370177 46009546 216699459 88010411 2081690 151159642 20298340 80787749 92112300
96074901 98335092 23255206 47753462 29101051 82531665 51481081 91112430
24 6
60557859 14792336 898310 41152848 74266790 34197347 115600567 88079213 78191890 24310024 101788144 2945187 27783886 14341098 26889187 38388590 27258822 180929 101706541 13631494 50670536 104023198 89240055 61718701
27521354 24047492 37408677 23596254 74898957 13180256
73 10
38132496 87645379 83232532 106037701 30639229 100550635 95057890 67605767 93116863 81630561 11300681 61650337 42737971 173300326 56863475 15760972 77569191 150193389 113922000 3781400 189904751 31679826 70441936 163990077 129976197 149940529 22213642 72782329 179908931 84715912 206855334 2792457 86360790 137995035 78263242 84219888 228797341 99494359 16812079 166112243 184785267 42415045 97111563 128544050 68797058 121956555 51686913 111340607 112625196 86417423 83946210 79908120 176723450 68301034 71888478 114057343 160804596 55969624 94296076 13126397 173456261 99151386 174709079 103564233 58333899 95421753 132161237 102336277 165859383 82801439 244716195 66882585 126416846
17203443 48481154 54528368 65431737 76344698 54673552 47039415 46583416 29775025 21236286
26 7
106246415 22730420 161074673 21497032 59300189 54184010 9721708 71552831 10889249 156185860 84814420 45333916 57109240 92229635 79925607 155547023 217312299 168330415 8235443 55703396 143242995 219503248 141052046 55720782 174671715 73039096
11775324 69499215 63317388 25741597 76260253 3627871 82888320
27 8
8988743 225426427 89859855 222781266 232371166 274215482 234350149 270321101 10877826 15503226 285784365 29618132 101245673 233712295 106580321 223537344 157258459 136758571 181647454 222143412 217761109 201650753 43702675 243940049 210079378 169583420 8867939
10227754 11568883 52064841 75704987 66781265 1889083 13119486 1543374
83 7
96571703 20555688 113292134 170591745 67818046 100849061 133612591 131530225 240224416 231978732 118035319 156459422 206436934 4986110 49076983 204628477 118206909 343227178 138792385 2043688 55734079 143646545 91110306 131804134 85443536 35074703 55514367 214620884 102801384 81415271 158267879 258711757 70780655 15040251 10399385 20563382 49097170 128089460 199386949 60788248 45218670 152002242 76173743 67776499 89770811 109809665 101563981 55546720 214662431 120092869 133592404 158900667 129721768 50460198 175625727 37034720 241607631 158516972 96351834 97996465 270402835 91579268 125366907 192937399 76022183 214682618 202358752 102809078 424297205 86076324 148888073 74213726 143604998 179066492 196382793 89521718 20281779 160325429 25804910 162126192 26751516 351472862 47019433
65774358 72824343 71015886 49193164 81070027 28795204 73910186
37 9
62318351 76523699 122136099 175667299 25916412 52942327 96531838 290377100 123331606 183479366 171877390 176984303 45924551 167928850 185544 110750061 51402762 97237723 883356 77327885 74943586 159575347 152085927 104727143 29969101 344029797 121853534 277795555 110841789 241989080 350524860 48562802 109510864 7470147 57534630 47670935 118482692
82413733 77142341 54848204 47192513 12316831 14828475 41077867 61224125 33308777
54 7
72472956 46351815 56654906 122224780 23669890 111821187 21092798 344568591 69033740 39606252 53069634 145231524 17594677 188046715 262095634 222979228 83565049 112146006 189555880 8700953 50009845 28135436 34000725 21722393 126572499 257967918 123762393 76819486 150439474 82027436 104036145 160843067 86155152 22602667 193683596 167239529 60779012 199959473 44404318 53435208 30415453 75751559 35405778 72472252 112511580 122915173 66415893 39533494 43409149 62288177 108383864 39751823 92431029 257498232
90728389 68412038 10403593 22681925 97473952 83162161 4127716
13 2
26587652 15062432 140798214 89455543 11525220 62867891 74393111 152323434 3537212 51342671 949789212 77930323 66405103
11525220 62867891
92 6
204752321 31438802 269687829 256095799 144260157 118543174 45137117 62541897 15641763 57513182 33139309 183478682 230567418 255738402 41170144 24919872 136040720 19798391 47983961 184633190 29233793 176056356 119446570 144617554 12794919 168634030 29948587 62290785 204501209 65732619 68460489 15999160 46731339 94169301 302030027 223502489 31796199 21371753 108476125 48341358 80577271 175259245 81529658 176853467 75882815 334623337 18204169 152039880 172159011 197974108 144974951 79324649 61575991 177568261 103447410 269436717 61827103 2049733 139565701 27220717 190909179 263160728 96731707 21014356 111666847 98325929 48235073 24016476 73154945 270583054 40919032 17489375 26423606 34643043 45388229 13949427 88951984 177210864 40561635 223145092 40015636 190551782 72357834 53607666 8576834 125973671 96374310 39764524 7422326 61038163 237094519 111917959
32593310 7422326 64935508 78527538 78884935 87104372
93 10
146899157 193272083 94915537 78715782 89630266 61397910 80732584 197693637 129535811 107012920 346263185 238174265 9254213 198456566 107523843 72839463 239944990 21446891 225721721 142594786 292401865 89054561 75733027 83829878 231236813 205702676 179650347 161790054 6208728 104512597 38810237 29373138 2828360 18859865 65578595 166463614 23195339 97613756 35798991 197143481 135245276 101814378 261161205 6274542 123113868 60293404 215678895 117343133 131284259 77233316 74988148 143887911 212601517 339868763 140842426 61333128 171174408 27356336 105260560 142434680 169598678 112404487 36047912 241185511 127124629 323740294 17730219 265857087 215612763 109971354 207642335 42404000 178859823 22773492 61509758 70770903 231779843 156080589 61366412 1076000 46691010 130862412 33100772 72041008 147385207 63085488 114297648 130046734 153807150 115455575 13173383 236912253 19035709
54816367 63467568 14148569 26544778 22807505 64948062 68160638 68713606 84173024 86430553
53 4
101211072 12752682 17710157 156036960 42073206 182077894 23126360 54124769 157676755 206440943 208080738 108950657 50807089 78487818 133313706 28083835 159354640 37115731 113560648 32693826 52484974 29761720 9970572 58546674 68114140 40433411 22320148 76848023 61478780 25599738 123934326 131673911 230803992 178760214 63156665 99571277 139563492 103993182 403106 81269928 180400009 23959943 1236689 46683197 154397165 20642263 90837394 183717689 91240500 14392477 38755526 47086303 73530343
22723254 24363049 91240500 50403983
57 6
27085035 231939274 59449877 133623207 10715967 22628126 126832975 344902901 242793697 218358810 57693727 153585967 338112669 171022131 102606579 64483959 71022541 190984891 203299128 66240109 225149042 175765332 142794107 50903495 249583929 177404427 215211287 24296431 140413439 156374571 149584339 100200629 17104121 307503977 107640661 238113079 20294803 51268272 184194659 66889909 106713929 17506199 393923103 177812363 13504571 36208590 94060197 140005503 73030341 119552820 23894353 10313889 300713745 31174508 146795735 29418358 164231899
6790232 83344230 37398924 75564703 95658467 55810434
46 5
32486476 20122096 45101387 49625034 24809950 16057279 41239147 61729266 74149390 12956249 178536525 44590708 187799875 57720193 41948508 86054940 21290287 115756560 152843978 8380753 25519311 4151729 24641848 132185757 162107328 8212651 45814643 133772581 7503290 33195837 28161511 87421813 102484137 23932487 3692899 48456843 70992616 169273175 99327363 4861090 41071045 6793929 45300069 136414781 190442075 29385446
28334747 91114712 16429197 54027294 17138558
15 3
95025780 51016107 28946960 37830635 20956674 52413657 108910027 38529410 101618516 108211252 45122146 34840921 44423371 107512477 35539696
73370331 6592736 698775
76 6
159266492 12677744 172276978 222293088 71023329 161048657 78949680 140194111 203708870 262039946 92994556 26326298 266628345 26321914 168712648 163685143 165360187 252593790 41196281 287849049 220510923 102440712 46150838 124681101 84934243 31570056 105788789 154238987 107029111 23993522 23689812 191169290 39229663 83368331 139261883 49498915 268956737 117017110 120369571 242967565 9778898 243147634 68391227 59795008 80649554 2119291 78017452 81586166 11745516 92814487 109357503 51465533 252413721 272612908 31750125 5760953 40902696 161718525 61577173 19405123 62693854 74664991 20341735 59125140 323284377 149820336 211064767 9958967 100474094 332742 70357845 229957079 135909422 48566687 128249815 129815727
61244431 90695196 46663649 35435328 9446156 94351367
13 2
85703654 10486994 126160500 75216660 166617346 34759814 64729666 24272820 16184026 50943840 91400686 40456846 115673506
75216660 50943840
36 8
185336069 110075205 113207380 51188587 3982843 234658858 5134134 225523304 100284747 13567273 14108997 219888554 135037328 20925500 66421985 44833268 78696030 35697714 327480129 7479720 344393918 241477271 141853831 60097512 212367726 146100370 143470467 88807650 67155178 203934587 243091997 12492361 9862458 195099594 161096962 61948817
21588717 53046181 54469097 39235699 84388132 30724271 89052769 30573939
35 8
207106519 1290922 79542223 66225219 45000001 46387906 218314897 8102891 100767441 172570257 49685760 410706513 30094709 64591052 59445511 170253310 5247904 87016169 114943790 61339077 233280297 189300361 264939071 204795532 192808964 153870333 94232455 140449723 51534987 175862151 155807800 151015346 30048830 185757785 82397210
95449722 60048155 25505933 12041422 22596184 91387907 65431075 9062590
58 7
42686114 49944765 168697001 12533767 94863011 52658131 7163989 587239 45715322 26918220 105537442 228519121 43087667 50136481 7155266 54758121 87604360 162646196 97576377 797076 60619196 127525624 22104231 80016091 102824076 20193971 12525044 69280476 145114667 66977386 13025064 64386099 64848639 154685131 19066300 37717889 121896406 55278175 59016321 76576607 119564559 72347164 30312613 137124845 7338332 34725049 28155036 38273678 27782240 52483788 5063999 4572702 37754257 46797056 109766885 61319411 40374301 84537672
44918246 57510307 17560286 7961065 42253111 12746297 15658749
82 8
386671622 333550694 19558020 203468575 11742124 162055604 275890211 73882964 199918368 34589322 183014363 322874832 125819452 147765127 173707004 80823117 76002293 51463989 243296102 16715321 110004120 114168052 24697650 82476874 15906056 167072039 240985453 211444540 209133891 23196266 152163932 163556988 29670847 47978276 72585202 106512540 123729461 130364426 40575406 22380637 412480543 139609361 167881304 76187795 338784070 18031203 36145428 234510872 63023793 152030816 209943156 103529539 236661137 32513546 364592991 14381201 3738891 54452857 199572482 13200270 97609933 60933802 327076113 10240740 155766525 89143321 44989408 76749134 119993752 155672619 22541021 56542848 371067572 7906620 47757618 342519779 67408383 63793608 66759502 83223715 131609925 297531483
6474581 79578730 85404430 47887552 18868768 41252587 86898864 13575118
40 3
153053862 52241055 46045110 107207192 121407940 75164390 62066511 60963642 107008752 91185791 75362830 23121775 29317720 29119280 30222149 7100374 153252302 45140681 98286165 84989846 16925830 16021401 68064016 22923335 176175637 160352676 69166885 15822961 84085417 137230901 22018906 199297412 108111621 6195945 68262456 130130527 61868071 114307566 114109126 38944736
46045110 91185791 23121775
47 4
36276717 539450 44543406 68766513 80056499 167808084 52553768 88323188 115254316 8806139 77033202 132038664 63843754 571603 16784348 32153 36341023 72046137 28074334 203545351 41231629 52521615 63811601 60788304 62700548 76968896 124060455 43747629 71506687 72078290 151531033 63239998 27502731 140305353 79517049 41263782 25051037 36308870 35769420 159797722 150991583 107815557 115793766 52014318 88258882 26963281 239282618
35737267 51982165 35769420 63272151
89 8
213873432 63766866 67893722 197949865 268046999 142170277 284574724 70048828 80188182 79105876 278345383 54385592 193851234 305121611 135044494 317597246 311252304 7440743 105249587 225985801 102546661 80147767 108593911 159746406 17045902 35702761 111803154 320099709 70931689 71438006 91256267 60286018 216422436 250994585 184231475 28294502 157844328 309879565 183924603 84946136 211943185 241431220 94750740 52507451 18731137 140791914 71238561 38799876 49501941 47649934 172119106 59979146 187506292 141028823 233474850 176798820 18424265 235549166 86818810 127248573 88079697 158104659 86429729 49445547 34098316 52814323 60792335 74203853 236951969 43557830 160828712 6358437 193794840 154599371 226292673 21934300 216405082 11059997 25832524 300544832 144300987 60485463 295865118 17282811 93290168 283492418 34313583 181375599 120801415
88273648 41754326 42061198 17052414 32497833 86624859 34084821 27739879
13 2
2486087 74802683 161862959 82088102 12257593 159376872 77288770 156890785 84574189 7285419 87060276 9771506 72316596
74802683 84574189
74 8
10092603 184433887 20482689 184041208 141316497 103959241 73659483 274563522 14158683 26322624 21710317 39796337 28073949 169153270 213761690 174604509 229042307 208497048 50996352 74086714 40130885 246472246 291080666 61769331 117204104 48951699 76836043 132484721 85568066 195065588 72431855 208533657 50210150 50778464 135826988 202477495 101923487 128785209 126604194 153872653 106361003 62041769 189885126 102982127 204549858 26540512 27517626 43354566 1739016 141884811 126035880 265710856 111371148 89935645 194523080 222614356 15256317 117428971 40678309 11270857 118623973 63824946 150528329 46761152 239689886 30312067 92080051 113443511 72362197 260482823 24431540 74655028 34929533 76083796
85925885 15280617 76441615 51985775 36335030 25087444 51086327 23887526
40 3
103053113 48552160 15657405 40096821 71729014 80184353 119018612 151913367 40087532 1262562 71719725 31632193 94588485 111816546 86123857 47289598 24430127 78921791 78931080 126220678 7202066 88648981 87386419 55754226 8455339 54491664 64526948 8464628 38834259 120281174 22859471 134685306 15666694 32894755 47298887 166317499 95851047 159115433 62956292 127483240
40096821 87386419 31632193
93 7
162344434 197911953 41370365 12145577 241597978 98406969 94793033 62621279 68008937 35347889 109405427 37074974 16351091 38691767 211619471 167558322 191373664 161020033 103090559 50493978 51341545 159246311 164633969 152412233 40981302 218010892 224549181 2081123 47003778 59842450 135363436 193808723 96844662 152557757 82917120 55297907 12692754 40831037 93277363 9812802 158095680 7103742 43955689 12291101 111161267 141901725 30325270 14342730 100801024 247281425 49708895 123332969 91868680 111457056 82621331 22805006 280559409 179196329 165268787 24002274 68012334 24560846 89455409 102867138 26757971 183079535 28809600 68304726 53542067 158950522 55590299 150656393 70060566 117995345 2854988 152708022 20219682 137945363 101582710 96552270 100432079 124168086 244991890 3613542 31305911 274021120 76598855 183448480 69910301 41816419 565453 66296365 20173045
55863360 41250966 38961431 82351667 6538289 14269968 26491704
30 3
70909733 34334700 124959732 27519046 116540753 88384699 52446674 54049999 17474966 19100067 54071775 71546741 25915721 142434698 51809666 9055987 97440686 99065787 62490754 105859665 28156054 125596740 90646808 25893945 45631020 89021707 107484766 79965720 8418979 44994012
79965720 8418979 36575033
82 5
141419951 23049533 159861338 14356617 121361176 49954980 174858918 112678089 185691949 204675616 14898897 3523586 5682982 14366069 92077306 130044640 77079726 66246695 136349304 59199523 122445736 47795584 96063393 185149669 155332971 135807024 14889173 93152142 131129200 101835229 130586920 77631458 86314922 48337864 68406091 120809444 140877671 155875251 14927525 86857202 13842965 85772642 13814337 76537446 78173738 115589340 52343127 111060973 92609862 47263028 77089178 160945898 92067582 58114963 48880144 175401198 46720748 47805308 14917801 67321531 13291233 154790691 184607389 33368912 111603253 160403618 14908349 15460081 58657243 14385245 205217896 30429033 66788975 121903456 78725470 32817180 110518693 28269637 57563231 140335391 121351724 72541635
63246213 44271998 542280 62723109 19525947
11 8
174086766 137908110 190571298 181897600 217661534 239926484 240016112 256829586 174176394 181987228 256919214
7810834 86700777 8731944 39818466 66258288 74496453 39876712 79192638
82 6
115859893 107362004 93411927 63172294 57831227 64814785 159952736 87986116 32843395 154526925 56501001 55015772 73765162 149185858 50707446 20721942 33697414 45818867 45547990 87533628 38184462 15380875 1726024 69010577 18577713 42306424 87618372 1883286 95640900 3368515 72122671 46477867 117700743 59473718 45438897 23015280 123041810 129713103 121556581 116215514 22833669 17589469 89826966 51159934 7224353 28356347 74351644 67023379 82374172 70155852 82645049 112359676 159867992 35955489 100238223 5581862 131808082 20920301 30027940 98752994 154611669 138663480 46206990 68424095 43525529 17492602 85975881 19616683 240795 49674705 124372036 38636950 8709582 211693 92959439 59316456 17318592 66752502 64657523 10039808 79692711 35027640
5341067 66540809 36167182 22803587 24716955 66811686
47 5
116822253 120245409 123668565 116515646 4406150 161348632 124609185 36591101 32967310 128444920 45931867 4512122 86929118 116209039 33992678 74789294 57639282 128751527 29438182 37521806 49862265 53084786 132068711 40848905 33273917 120351381 32660703 90965488 140162250 24873771 53391393 57945889 41155512 46238474 34299285 148346 36284494 157312262 37828413 91589586 49968237 82565342 41367456 42086217 46228559 41674063 45921952
87077464 306607 37680067 41103223 8400146
46 9
74731358 199928340 202606040 71956349 44929105 32077303 272077895 311017365 6996727 97712620 4623664 209648649 200695618 178621003 226645140 92735203 19642794 166296970 161102341 287793935 83494592 72927195 256153095 221637621 172345965 254074050 201435828 1334883 113950050 332429371 72386061 49522046 357963695 291063574 195071487 106956631 147265389 121295184 108451243 20585648 135893029 251299041 256871655 224271797 66872084 106415497
25209312 38079702 85026032 58812945 13736245 72171205 45239558 27072855 52935974
22 6
159552102 184599158 52080750 231617340 193288073 50849791 176650705 148336012 135183548 27712196 152282151 294041931 207248786 106894203 192456389 26481237 113274382 6176957 176251430 223207652 217656627 151603649
76442324 25047056 86793145 88024104 80013691 93632149
75 6
93324428 88451512 27801292 50514870 73714621 107910249 212215133 17462897 195824376 54623922 159640138 147455861 198323903 156474175 307721 74048961 199185750 109519774 1962142 78623883 5278620 241088010 11744320 142582945 19117318 113628826 103801197 92560564 171455822 208106081 13398741 98085457 154019544 197531329 82732935 195076698 77823673 80278304 69939909 86841987 241835688 103899180 148256071 7635268 152365123 162192752 143346809 23692240 229651411 15008266 37583470 56278343 125444510 114473932 155531086 145801440 110364880 203294802 97433480 76169252 57887868 13353845 84387356 9289689 106255828 240324146 34169009 81932725 4416773 1169568 112019301 149910492 10899214 52169291 151564913
4109052 55740958 46011312 97741201 69083086 58195589
28 10
499173699 266572560 189716424 60768781 215280437 74545813 317511734 175962804 74491473 10512245 15986615 176191758 62021421 170717388 311302458 252594695 41397844 117547532 28805388 40877164 158645612 118446866 102567875 82280310 34458403 209806067 252862126 309858994
57417979 78837582 5474370 20335785 70774465 61747488 42579821 48468964 99646911 98265920
40 3
200244303 19190851 64624552 43776031 108888742 63795717 108400583 72652869 135619751 289942194 90526726 136448586 198098474 134302757 107571748 154322443 62966882 45921860 17045022 25902174 226146477 180224617 46750695 17873857 71824034 18702692 109717577 20019686 89697891 153493608 26731009 244020334 44604866 110546412 45093025 199415468 116428900 828835 162350760 70507040
89697891 63795717 90526726
22 6
54686752 159907989 6986720 113454043 148202085 216320744 25606827 122805411 179772391 145024349 2700534 39248887 132492665 64374006 900223 181572702 38002801 43535073 13431907 75105379 67218436 76351465
36548353 68118659 37102578 17374021 95044089 57177133
85 5
21576277 126526307 20375371 15923382 55900662 16334760 3492652 11851242 55111134 13083677 1748865 116832801 1851346 57541968 234624939 61891476 47848462 119675013 11882771 60250170 18734065 114433496 15133854 111591284 62783485 65594168 959337 53501357 10681865 55798181 3358642 9451937 170882117 236266245 67235474 6641254 165231729 13492548 6200854 51891580 50659145 17944537 121182309 60384180 231814256 61480098 62681004 168482812 45008757 173724329 159990212 158348906 67132993 108780601 50250274 7842160 104299590 8631688 3390171 46207156 113232590 9040559 4999948 51860051 46618534 58742874 69972698 109949978 112792190 172523423 14693454 116730320 109541107 11442371 111182413 107550673 5133958 105940896 107139295 241507762 57439487 1061818 175334106 99058073 53089979
60932139 54049316 59290833 8492600 63742822
57 6
2714669 106678355 116556521 105141456 51981843 82348131 117771094 3929242 185097244 40889104 29188518 205585366 16558880 172467606 5143815 39352205 50767270 13807408 1177770 94977769 119307993 2392343 5466141 131937631 103926883 17773453 70933066 15021981 30403091 27651619 36600733 31939990 64611481 19310352 49230371 66148380 97729241 53518742 85099603 63396908 129186159 48015798 197726882 61860009 96192342 150888854 138259216 35386160 72469965 218215004 83562704 60645436 26437046 38137632 6680714 69718493 230844642
65789251 67326150 68540723 12629638 85977537 16558880
57 5
31109200 90828591 4433952 44219259 88605474 163453962 6657069 7804534 68395498 223173353 16480641 148324865 120586247 135919423 36414725 186758628 8880186 118363130 38637842 183388046 93910999 150343903 63949264 37562190 123668655 64153343 88401395 103734571 148120786 33332317 86106465 46442376 280669627 34191608 101715533 125891772 26591153 51043284 29961735 89477047 8676107 56348809 1147465 207840177 30905121 26387074 220950236 46238297 90624512 60866856 105957688 161230845 165677079 28886083 66172381 58643739 178082521
29757656 97281581 59719391 57496274 36414725
40 4
9931038 140180465 307877623 84826213 66123303 139901223 27795935 47937253 213958385 83150187 46261227 838013 46819998 36050947 36888960 141018478 103012263 93919238 177907438 130808198 83988200 120877160 37726973 129970185 57030278 234099703 121715173 150111503 45981985 214796398 177069425 223889423 270988663 47099240 93081225 187000463 120039147 56192265 9093025 26957922
93919238 36888960 93081225 83988200
55 9
7282725 168489433 82890163 88142470 324092722 89487348 117226245 191428693 67455538 118690253 172635091 208457068 96889001 170520496 17186166 249434093 95390242 243221605 40427243 189830875 3895531 259620215 273249998 4757231 59612836 163022364 4414319 194623059 35883503 126551317 126067608 145546481 117824057 32899672 109698674 131063052 11343468 203350319 195489255 20089999 152178598 54264050 200014765 196450996 18591240 211124216 71212522 49268606 281842529 189927354 186019806 256031278 159992827 138081667 81556233
53294251 15261200 96038451 66103924 72701109 31929873 99729404 70256595 32574923
56 5
138108919 66694799 172174976 79756642 116153204 94640305 45690585 12576362 71371455 34532077 132063645 52264338 73636091 116596020 35477340 103534177 92375669 129215047 122273755 60574248 180560163 101269541 75588671 40153996 135335598 69468120 32628742 23734870 36353897 61601026 541297 124538391 74220053 36796713 159555949 79313826 57800927 163281104 189323275 193179190 126441726 112428049 24318832 49415740 64430163 169401655 18641097 114331384 83481797 100760856 21470234 58309612 137600234 63422846 146494106 174439612
97954923 36839378 34066057 42959929 57843592
11 2
190088210 72055721 113581975 20763127 92818848 148561956 76506235 16312613 4450514 37075740 169325083
76506235 20763127
11 5
35415472 55917946 48922796 16477054 12742897 81876904 74856364 143078123 36979528 126961614 185366314
18938418 68221759 84338268 36197500 55118317
64 7
71466767 18541849 154579375 126264262 56316235 108359648 89671390 69604004 1199517 94907648 72648281 110319091 17567388 60625 62135900 62007494 31417239 47459090 181061757 5218255 88690132 77601141 102539983 30435981 120046746 253097633 206873885 134838009 43723750 150879860 25819629 75166282 65707009 8917770 1235342 7338405 80617124 64095343 90577725 23380256 118872029 134913880 16894358 46163123 44353977 14806509 11073745 19483261 101565522 121306888 63791136 63118106 200803123 53562153 584125 9157872 47423265 197103608 123824889 72043377 80953646 126840872 43447642 57297493
19741366 54797495 3699515 74822259 25880254 48071495 72035876
47 5
236517176 47470198 53792412 82030278 90882259 42719986 54384437 5162065 111766912 162617704 143514522 224590479 231561136 127486056 35543501 109237145 157867492 28367016 199165083 12338550 23410976 132442096 144368793 150691007 211091780 125265611 79809833 61560922 30587461 137192308 139618581 105235229 46615927 229340691 254766087 148264734 109442973 102060660 155441219 120309571 72633348 83811749 118943397 206341568 247589602 60968897 242839390
96898595 7176485 18248911 74765429 92148383
93 5
114507743 33513216 97348966 109551437 106561963 39987770 168655173 12322040 90327093 59212114 64179611 135257871 1634162 88360261 102305272 50447701 126485922 16826107 78124622 35255756 121529616 104595131 3322144 50223409 95606426 63951664 173611479 72940369 42977244 12310849 16126492 76972768 37792991 28804286 46191010 105294746 73168316 80186534 67382186 64168420 148278975 13612341 89175239 29847211 67984063 185589658 33060977 36502690 137228358 3924021 9108274 46781696 10622867 114283451 93316567 28104671 38245230 26267051 41234704 81114096 232715215 85142840 25115197 139290270 60737898 24524511 14064580 43201536 75929843 37093376 76154135 75230228 20858506 87113327 144246576 84918548 279840772 151720688 38017283 101153418 165213460 132044105 106337671 62425880 4623636 57469574 203350312 30299450 45491395 90102801 13836633 17278346 97573258
64060042 59103736 47125557 71306207 8988705
38 8
26540746 263268928 41241887 23386235 192826870 252784426 214358581 122329696 276371739 134621182 135469873 205874565 8059879 239681615 109742325 337112831 105065362 16485727 182287252 306969162 157779012 107852031 381404383 89996379 105880156 394507194 95340538 122845136 280533262 3382916 35382982 407610005 337961522 164431600 147723993 83120315 36231673 33193334
69648483 56579569 13102811 70497174 74435221 79231771 29978778 21504157
80 5
33615631 66571042 45509583 71440112 110399117 34800056 115109695 119770372 81698862 107787883 222484387 30089478 1389223 142220004 157594853 120954797 25428801 227190320 67913959 40645158 111875827 30134734 18240782 255890575 178814804 201264436 52831395 84765518 131752861 46782545 200080011 50174905 325490687 172969702 410461003 184705162 99689590 19583699 110691402 146880681 136329646 113925270 207401823 130484544 83581093 163439955 345279184 205925113 119478087 137801711 56065263 174154127 8869527 92660063 243749594 35092341 98550421 61910365 77285214 292372139 162008501 266446255 24244376 170920259 72619892 141035579 46694008 89179166 104395523 93844488 216639285 179999229 60725940 77038185 62068857 25721086 3024425 264969545 134898192 184659906
86154741 42485158 59044432 80309639 65181819
35 10
103010699 156995942 55214289 184674026 41376956 59644684 96969042 6050512 150016701 169512757 246656807 60369731 96828455 83276377 158745409 43192695 108166141 37683551 6132327 123240220 136725743 40140210 173033766 179136956 120187735 72451750 6384488 213836871 266109615 134309111 151325763 44920359 222744251 125696879 37380897
73163518 70482590 38586376 23912556 4453690 82328194 27562192 73880337 9133864 13914013
83 5
17076952 81225735 143158548 5992531 19799432 118434469 68908323 65090558 57166277 172436005 100362941 282609242 48130513 31048960 191277464 11746647 110056330 51290653 51826770 76954112 55108418 4111117 193335323 61930418 2710883 4601 200313228 92310156 134115788 113216470 63032699 228607706 13960411 2053258 107998471 79167876 115274329 4924647 44191240 40084724 14906787 11089022 39094749 92974777 53996935 109398705 98192776 56054794 19134811 59214934 138387411 152194312 102010541 68250698 88203640 250496999 12970436 106238565 170499654 5871023 72068463 50179170 41031100 46072654 38973241 116498118 18066927 104180706 42254889 35155476 52237029 112114189 9031163 95032636 7928882 56176302 122252234 58112653 15028295 61272793 6982506 59872559 146311692
9035764 54001536 50183771 57161676 74243229
40 3
27543360 5823845 67188650 33821445 33051920 15564300 48931505 63726280 88261510 33367205 64180520 91269640 82752950 3462370 57902435 9286215 72697210 524368558 24535230 18257145 14794775 24080990 73012495 81983425 8970930 112342500 130914930 15110060 6278085 48616220 54440065 121628715 39645290 24850515 106833940 43107660 42338135 51624350 73466735 30359075
9286215 57902435 24080990
40 3
47002433 55712843 100321466 180863841 109031876 59918868 193780276 171607375 33539942 8710410 76037990 24283476 15573066 109577932 49113008 13462491 37745967 62575499 11367041 133861408 118288342 96115441 93458810 46456377 218609808 147323899 29035557 131204777 38292023 972732982 51208458 256355775 122494367 113783957 86858975 22172901 156034309 185069866 24829532 71285909
62575499 71285909 84748400
58 10
67631545 181790094 18071407 55271254 4908052 210257224 26068712 149625380 174828362 188112336 286887094 2213131 100917112 85847930 154046012 84350572 87192306 14238162 65271 77986768 147079244 97959318 221789186 135054213 181413060 130187262 142658612 75259471 121337747 110403087 39887463 60999656 24524732 79092716 252741653 172728545 170197829 28599428 171694839 186776864 167051794 9817530 134100119 44528380 158909794 48949012 45926968 132906353 97356354 118311028 177369462 71841426 167861594 248833212 101776986 54854314 161440510 282466462
66944482 92908392 18316143 15069182 14361266 87195224 22372904 34145441 18837166 6561541
37 4
243116861 149879170 73891592 173468337 155648740 22632149 43963371 100818505 25400411 143824858 219242952 34740773 107842325 70890284 68122022 143540116 1526502 31454723 137770546 86000216 167698767 74176334 28686461 213188640 62352452 37224293 149594428 7296072 68406764 249171173 64835972 1241760 179522649 79945904 173753079 98050243 4527810
29928221 75418094 6054312 69648524
93 7
128313655 291426363 74143979 80043211 4048477 325550409 255872537 297244364 385887250 68325978 190335380 284520599 34928214 175584714 66896198 105073111 13391625 202044878 173820064 13049608 48698566 254400509 344857440 250396553 344173406 46261182 50554271 68660848 121407891 285280246 80727245 121073021 214849874 129656522 128655672 102108007 85519195 377955435 138855140 297586381 331368410 160623656 167571668 102034511 174504098 35879669 196226877 319062275 162437701 201702861 325208392 215191891 175503483 139197157 27638185 144997599 102450024 68318831 33114169 19625139 191503393 9524461 186027409 214842727 256556571 80385228 303143596 20732421 209366743 27296168 183087599 215526761 256214554 284178582 60662684 209285512 89728376 13733642 61004701 32772152 67910465 19974891 208943495 126549005 174162081 344515423 97825330 378639469 208601478 175926731 195884860 174819449 101692494
41029810 93776853 88300869 342017 33782029 64661766 75994734
46 7
160643943 57594820 207777200 147830652 246109754 170661552 112501314 36998139 230608100 198976497 222889836 153500130 264928066 4651073 54963426 202293155 84046796 134506805 102930175 15890635 81759043 132718016 8663661 83535973 5366536 106246833 27369548 104728077 14167239 8087771 45779309 131264653 54073522 65313084 134561778 32966018 293243011 47966229 249426412 119515707 34763920 84131396 19651284 176145597 42482184 12369337
28314945 47133257 69964157 29973274 20596681 95156418 7773237
30 10
159324312 33307575 137285598 375729263 398146650 174841447 202108390 350018506 208347248 30572872 333036137 92690162 338588923 206933014 160793898 440839776 41958970 143236735 407333975 27668403 284907993 153252084 38847769 170503678 44063011 30314352 403699436 190966528 26262744 127719600
85798134 33505801 88791357 53680930 59923172 60685676 91527884 21346563 5693049 77047628
51 8
111300212 160926126 182680662 103579943 150558262 64335178 236076375 169025078 12577101 81665499 247062906 10640528 549778 368776582 119919331 183125857 329014354 42308554 56157585 50830933 53763815 104240531 37400892 21196220 57859111 162645870 994973 76338847 81643731 142468158 90187878 263978059 207504453 262408252 196517922 210987629 79832173 171190017 169470273 87035344 129466625 95035796 28255901 235406137 133046210 143136960 76615804 78491197 78732617 169897324 255433912
79282395 42431281 10986531 61940191 69762305 94507786 13950842 1719744
24 10
48861032 61357977 83167768 166799326 161385932 212873956 156619988 62030712 307463232 55621368 390510187 295920911 110402496 66796656 32184332 161360647 143329566 38904224 72210050 224762061 50240698 63397479 48740290 121095851
68749543 8255628 46308703 79932087 59517468 26516063 9650162 77027522 96785132 44694487
12 6
103207437 264025993 29485354 168251908 78996450 218636335 241596015 45408095 60966954 2867050 94003701 214514897
89255458 82547843 15722363 89066470 45226154 75121538
38 7
47422105 146705883 66167867 95987966 98220800 18413614 153741161 23007281 105175300 223585332 20549152 102814467 78221569 157873827 145913684 227717998 40386827 20468374 138323846 100581633 145452683 98140022 148433182 151299550 27600948 147972181 175714374 223124331 150046350 173659614 37284821 100678929 143839515 42828438 158334828 73627902 98042726 96085262
13689268 461001 4593667 41892462 35681890 97063994 79745817
90 4
55573168 242442335 144082728 26070135 252420071 46122472 18599367 58479487 80414887 17545369 170152863 38027799 59932457 39880120 48102400 70309544 1852321 183962848 11830057 156439743 144482079 226349936 11957664 86002592 23787721 34164808 166417479 6641703 61815520 94224872 214392272 116559623 82267208 288564807 230085320 162682095 157892713 121747977 125483361 39480769 207750569 84150271 116432016 202562215 58080136 13809985 145935049 79360889 30429424 312352528 42387088 827507443 128389680 27523105 180227464 24187072 97960256 122147328 190604551 109790313 248684687 99812577 25767649 134104992 51837784 147818112 15693048 197772833 334687279 68457223 70437151 132125064 138766767 72192607 101695640 35745385 266230056 140347344 124030391 62214871 137840376 168269800 33238417 111770241 74172535 115505625 92644295 46521823 47974793 236727023
86002592 97960256 46122472 22334751
40 3
22551267 12080502 45640630 15507814 18389801 42758643 2889216 20207376 25971350 32287878 13352752 5771203 9191286 10470765 19669280 54831916 42213318 8653190 36449344 38051852 51949929 13898077 7588778 39331331 25978579 31742553 23089363 49067942 14962489 2881987 9198515 28860566 19662051 16780064 3427312 48522617 21271788 6309299 35169865 25433254
16780064 2881987 28860566
27 7
165869964 162486272 160834770 46054173 232935022 42749506 37155964 221481680 97631064 206199185 168079814 143168952 75103525 199650274 132754616 129264310 95421214 619950 291930430 271750526 4654775 42024578 75241310 201301776 58815560 23320962 71068700
63030233 20179904 58995408 78450384 17658796 36050126 26283974
13 2
34772525 97714473 45893406 72171160 20350093 51821067 31470974 66243499 86593592 138414659 118064566 5927661 14422432
51821067 20350093
45 10
272290697 115970434 26695115 229375698 70797782 29495714 64923367 199841906 56578861 70032136 168561820 56761509 100182044 218981390 132444211 108382651 160974037 40566603 100332395 152923781 12331981 79286501 126940886 261896389 119453540 176784312 137766913 122819118 16411822 79852825 55902867 41376748 233929185 122254139 109170247 39450684 172044926 166390004 103679634 175410504 181337799 179532272 84137489 190358299 23095672
19724559 53230589 82364117 97311912 2300582 10394308 53349648 21545745 74474627 88187732
19 10
115814082 105960958 55226369 275515208 43862481 29663387 37533149 11237941 183030068 163856791 74734317 123076840 125982036 42060847 106732497 15063447 74059027 25716504 178456731
59123261 79214359 41430041 37993304 4758932 13147604 19163928 40697815 90731190 74396672
40 3
71680303 48700610 120195780 123602720 73385545 70829454 97881803 665716 50405852 145731564 850849 48515477 51922417 144026322 149138504 169562106 74236394 2556091 26386633 23830542 121046629 146582413 172118197 49366326 94659996 74902110 46810235 72346019 24870068 122751871 98066936 22979693 25535784 99772178 22313977 195097890 45293670 47849761 96365238 97216087
22979693 25535784 49366326
81 10
79814325 160983511 108551400 160308241 68950591 77306971 97819821 139499746 51820534 118986896 302723170 24183597 77458131 353033300 178948841 215999692 101139710 67534477 480754175 146324676 152770907 49672556 111519080 92759220 32864316 4910625 18912630 167870650 97654336 264630241 291333484 63169751 107058203 267281170 97970981 18994981 178492926 15607155 98698957 36169609 41462105 212627500 140470661 42903662 27124587 42279530 139795391 20949255 42656901 197860599 247210704 171427487 421388744 57251258 63070195 57318797 242632711 9111908 18269959 188383500 305300849 20592149 267723554 284787999 118058252 195486842 285143091 113319119 199461691 106527886 218373449 204937235 68419327 194008117 135424686 186499176 263145561 86545353 83583045 297648892 36120005
60434674 41679925 98011969 72496304 2416917 14387936 21944226 92513046 97805542 52327742
78 9
39851150 107997677 22612006 164963047 95050093 8331539 186117659 90905910 218287095 82978037 22993982 1015713 38478480 65304352 127905948 35359616 77433466 109679033 152597413 28101494 56180325 105302502 44346561 59750525 86902566 90275871 38982781 133778014 5031884 35225499 97313399 68646441 131488167 191669262 31980927 175998754 39072535 10320187 3669907 92936868 135117305 26617147 226653675 23417671 16035541 7860563 105168998 68545959 106087450 52216784 72116159 41002551 179303628 53067629 31300970 86871747 63910779 34029689 82684459 57431030 39612820 46395323 214288041 142523874 40467128 34977640 42948724 173752025 32409593 78540276 4999834 64403892 21182065 105136803 7333750 19789122 77759094 52038258
41395489 65707674 38063784 3911702 76743381 32844841 7211357 42546422 8029630
30 3
40783691 133224909 104647596 185274010 5907402 81175808 191181412 45750125 52598495 179366608 144490319 80626414 28577313 40392117 75268406 138582917 5358008 6298976 12206378 132675515 34484715 33935321 87083210 97799226 46691093 39842723 127317507 139132311 86533816 92441218
5907402 46691093 52049101
4 2
59369189 8797857 68167046 50571332
8797857 59369189
40 3
26693506 79129379 15082344 225671202 67518217 120693683 225565429 173129556 94211723 94105950 135881800 105773 131353706 173235329 52541646 41775850 131565252 319777152 67623990 52435873 26587733 52330100 214905406 41670077 120799456 146541823 78917833 56858194 240753546 26481960 188317673 79023606 267341279 37247756 37353529 15188117 109294067 161729940 131459479 146647596
52435873 94211723 79023606
65 6
149725049 91560309 62145936 143799648 109953280 61611686 34084054 42020459 107123689 54898323 64032677 111840021 12938089 171658976 63653315 45182053 2091041 72904619 183670587 49647434 16633933 19054924 61659045 49120497 25326301 26457079 10893699 75664926 27323332 25097275 11427949 31663063 202738377 125359011 32573914 96276641 100661277 186044219 198055830 42886712 88649666 57193664 18520674 32197313 66909934 84799280 37108886 22905310 189595988 45716303 75130676 104213046 30152923 174032608 62639487 159647365 66043681 39334943 7043313 55686285 102705667 78339629 48469297 77175066 9533895
12011611 77755967 15563380 64236977 81160161 29948623
15 6
37327173 80846754 30391920 15582459 198581319 18042213 227891301 219936116 1081938 21292791 45201381 136333191 55764798 59701902 238373741
29309982 77744115 18437625 92244636 47191194 57673634
22 8
297828249 174671907 98925083 24976923 46098543 79881482 142301851 150093442 296852956 109131994 24231259 173696614 219822179 155397247 14024348 19145509 73062665 232428024 147972467 96665837 270441862 50093677
97200039 51087388 43991676 84126489 32212466 25818032 61870604 50650091
40 4
55684778 18411531 111757453 68211626 6722765 154446886 56072675 49349910 49412198 18861716 74484206 86623157 30550482 25134296 117173639 123896404 5416186 37210959 30938379 105034688 61488861 142307935 136035355 42689433 12138951 105484873 166585837 18799428 67823729 37273247 79900392 43933724 67761441 98762108 93345922 92039343 6660477 79962680 129312590 81206971
86623157 12138951 30550482 37273247
86 5
85149319 2006680 69525821 75874713 119078437 45105153 117276485 62697498 9713178 250560891 46699820 209698199 135824666 37398655 111883429 94291084 144994021 137287523 113478096 9681119 98838024 201991701 238873092 116637654 59745225 118232321 109569987 84303203 275859734 119695178 203449058 412013 82091795 96731867 32027689 312846376 18004358 38037486 128996343 74385297 140578891 100300881 19599025 72583345 40350928 61851382 174274165 41945595 156681820 238978343 81245679 106649773 272907461 122647451 131277726 77337570 163542202 24353250 181980663 64292165 131916557 156576569 211155556 107495889 165005059 49620034 76491454 224338271 142041748 154263127 47179251 12633392 159634093 27273464 164388318 94929915 54991000 92009701 187351629 95885751 55023059 91977642 126555560 27305523 295254031 127401676
64704178 36986642 82296523 22346570 93879071
13 2
60440618 42365698 6544702 125866752 65426134 11530218 78515538 71970836 186307370 18074920 114336534 53895916 132411454
71970836 53895916
40 3
193016855 42550849 63395141 129621714 54388711 4548133 7289729 101487693 58936844 2741596 117783852 26254690 176720696 11837862 30802823 44430180 145917873 106035826 70684870 200306584 98818891 77974599 91529162 82522732 75233003 122331985 138628144 51647115 153207602 67943274 172172563 47098982 125073581 96939560 49840578 23585888 20844292 247405566 28134021 16296159
54388711 75233003 70684870
93 10
138242452 124753100 56663019 98099595 49371925 112264990 164645997 208549848 125751446 10339916 35178479 264030144 40679319 111995474 294247798 98224389 114956443 110766394 237736389 113723275 238759347 90807483 21128761 11700623 259573888 58967544 11815003 45775566 55643820 32873954 141666218 281756792 54595484 100229642 86177767 32481326 279020610 57905751 44009872 19162426 165424482 39110640 116894706 43721992 106795718 315281939 144304723 199678794 211649166 204085437 8640651 42282071 123524020 232501523 123131392 77700919 119121531 57780957 298425323 289194716 15772316 51961886 233456851 257541998 144190343 33690957 119578207 67189074 99342327 423093687 148401612 201088045 101800230 257408526 14592096 69827579 45249649 143075643 103568542 103788142 104043460 140233030 126316865 17333257 177832738 246050441 45082699 43673448 98665877 139863446 262801064 88816272 92349620
9679815 92883564 24907003 48637169 59866788 85703209 9115209 80395454 94693711 39897469
0 0
