45968421
49823198
0
96422410
25981203
904627
71108639
2689352
56759869
77433775
22663992
67227775
1136850
94339581
38751269
42375175
970720
7959427
997087
90230623
55624223
50213970
42005285
-1
0
54044460
64796460
83545269
70283255
28248185
79799617
40456846
77981414
72883721
29911060
93376627
38944736
88291035
61873006
2486087
25974583
7202066
41323728
17474966
14908349
44814
32527790
41261484
89671346
12184277
-1
67657297
45921860
0
49049368
0
0
0
38399501
5579254
92818848
32823888
23111874
57676667
38245230
65619133
77285214
81690215
56054794
-1
-1
66420541
74176334
97775935
82647508
98383211
66248216
47294638
24755548
38835824
-1
6309299
35224375
66243499
26295693
0
97216087
10256425
6182817
86533816
0
94105950
21545506
59145489
61578171
0
77337570
60440618
47098982
78002673
