22 9
218072002 207050511 154341368 114704081 83622554 184350968 159532420 66798859 159286763 159673894 197657498 203246786 858328 7814048 232451546 25547571 276838872 174233083 270535852 22216177 3799027 79910033
87724081 10622270 58519321 60165359 73440530 1520016 4622349 17397024 65131379
37 6
134675596 76041054 72297859 150012132 22602815 211366169 25030207 43963645 145623975 141783248 204258517 44570733 138418791 44889168 68933402 157119784 33014621 16783304 47935190 5531965 138516323 33074924 9675652 79405511 20392231 161757760 74160447 25967272 13418847 177555091 36439381 17027774 6311195 8896422 165122217 180919548 188027200
85716706 23338969 11495809 3364457 64355876 57739761
94 6
36593097 67933897 8372947 120889106 213690679 117768456 177861736 82310137 41081240 128478291 109706849 95330609 180633640 73899784 164985118 138275745 53412103 31303394 160384454 17821655 168322385 74248530 28182744 162007752 147485958 180872135 83787881 151174241 23365463 183644039 135503841 27053746 37741703 113921058 85082041 246160477 19847203 209202536 133787602 66639737 23694601 222101032 128027177 81632253 198965693 105567452 49893843 38419587 51318083 150935746 103740962 30009234 153597399 163834242 163485496 127000547 11493597 69760387 5949789 53741241 140698903 125377249 83458743 128827037 186067197 149109256 82658883 132493442 40842745 118117202 160713592 139899043 170745543 45679634 200443437 196304040 165550481 21271443 102500306 14155250 4525549 155423889 154275283 155075143 211864189 96686377 34223443 31632532 146337352 83109997 48599683 108229105 55035401 200792183
71965146 45368294 12898496 30046640 15670400 94073855
36 5
108059027 97834833 2163612 107310618 22552958 90467478 147098863 15874970 170824986 63195149 79389338 187668126 150435640 99569255 103115461 70078132 102910466 104512821 96232478 5709818 63943558 57192642 148662537 17477325 16413950 143552657 3765967 68475777 68305029 22757953 24155313 5539070 86067326 101381039 82521120 75843132
83155305 1773103 20389346 45717824 44115469
40 3
47141979 5094847 78532291 49341383 52413878 85420577 101755261 137657403 17951071 127873674 44246536 38974637 36079194 12856224 55309321 21023566 93587919 111538990 145824745 88316020 67292454 15055628 23222970 26118413 75459796 34285755 8167342 41174041 57508725 96483362 62197607 153992087 13262189 31390312 119706332 70364949 83627138 3072495 104650704 29190908
49341383 26118413 8167342
47 10
141699498 93784000 11790254 105280098 101377072 68682084 31614050 113133769 15512552 154174660 31216030 11784814 19138888 51134738 36610018 44076114 133093862 103967044 40348068 136771023 34944076 85950592 105040634 65730480 157912710 75409230 4430873 107695090 56572947 858702 161640756 8158919 109405723 97261261 114436349 70133236 177550109 48846 86553403 132301060 59967457 12284544 47431406 120589083 116861037 31011239 24134856
73126405 3728046 78564614 15703478 41358482 3626028 66821365 531097 26972833 26100254
40 9
183064542 106430007 190050516 23915340 78051167 159365877 62664264 23011390 59503277 86050365 105365257 155443708 46459087 263678039 48030827 148210184 265046969 171193509 114499038 48612872 316989566 327195972 96484938 112690115 73461281 12044307 216675 57618198 85610787 10939018 201001508 81098035 132145950 85687921 184796331 207762074 136137812 291295152 93308683 73538415
35520069 82514667 91487648 62599397 9573359 69168622 56500089 89679524 73822429
40 3
125031082 98427659 87606085 130441869 45514002 37424997 2678218 52913657 133120087 40103215 103784095 119674646 47502870 127763651 34746779 82249649 93016872 84927867 122352864 26657774 42835784 66359098 95695090 135852656 10767223 29335992 5410787 55591875 138530874 32014210 61002662 101105877 141209092 63680880 48192220 90338654 58270093 8089005 44824652 50181088
37424997 8089005 2678218
31 8
309627117 223551215 138347929 266845825 41556312 299058959 151372089 2518677 92019251 5755479 166141061 26860477 116483765 295475497 24423155 92544787 76444636 117992413 183585223 95378767 38064667 61748801 133927927 155174739 246471629 259969821 334513132 205489701 133310575 17617334 75100625
89623288 21955981 84976928 17444162 66821152 30496808 69008100 29042108
61 7
56366150 133172887 354291891 115820044 269015065 21736989 40757185 326316628 113382776 295242378 96077404 378883184 242383371 34581393 36217413 121659392 141358039 212426764 41334269 60808706 211542515 38775841 38603138 11052116 62962753 137268357 264993320 5593253 154954214 117974091 126034011 180536202 123879964 294935213 181352514 441954442 41064350 155125201 96075688 30717637 78286781 200407552 137336294 200339615 231863955 237940815 146894294 297396425 238008752 382904929 97652651 174937494 3507143 27850328 182929477 58924578 74123374 148471257 288759421 205943807 214003727
87969716 59049513 31074250 63828513 90055826 85681207 51809301
40 3
135557640 106293643 57255286 3682711 968312311 16091649 98928221 90201994 102101634 188620917 189130215 41672935 86519283 41163637 53572575 102610932 131874929 78302354 44846348 192812926 15582351 279332209 233976563 32946708 49038357 98418923 119465991 131365631 8216929 164821637 60937997 143774569 222076923 74110345 74619643 29263997 12408938 45355646 176721277 11899640
90201994 57255286 45355646
58 5
44526384 116089386 146295346 224220492 111079875 73373812 53070705 79491923 170970901 91657864 21232821 28325319 29683851 19850829 46609371 114457462 189254953 76114336 83206834 169338977 47997262 24947732 21482753 157510360 128255327 179421931 89324945 134373438 102628845 152657490 142824468 156128368 179171999 74732344 280483999 124290484 56448292 97775975 15114710 66281314 101490886 102878777 57830284 112711799 46859303 93289788 11399799 23565740 84565366 144299751 34786653 138088349 111329807 34693362 25197664 18492297 225852416 43237683
54881515 81396024 9833022 68092124 34965539
63 5
95054896 68666386 59104317 79816822 211215940 157025253 50562272 7008238 28179966 138407356 134778941 19637921 134521292 193111826 155491446 135541316 65598772 120303242 125979247 13704267 4399847 123169282 85750476 66112555 57570510 71274777 201653871 70512402 22246312 2296182 68408737 11095876 47494658 89378891 80836846 49028465 53170663 10838227 19380272 153645430 143320986 82682862 74140817 195977866 76950782 152625406 146949401 162187475 67646362 4142198 131711327 97920936 77208431 6696029 144083361 62732732 53428312 170729520 77970806 140253372 126236896 86512851 61970357
8542045 72808584 57570510 75674624 71274777
33 10
129600075 74750863 355500 82757795 51617046 62929234 72372679 62988150 308658480 139985191 99931405 150493782 2219291 56240710 394592238 59684837 115452908 28583873 89293816 246225309 273729378 986686 89699057 135460806 57582896 16520394 42704009 141432023 58225512 91518064 41991685 365885876 77230337
91175937 89312146 81181739 45989767 89955537 60431430 14301103 46078249 25753851 28613698
13 3
68723452 78615207 115673060 162622668 5392254 31665599 46949608 15284009 52341862 84007461 37057853 99291470 130957069
46949608 31665599 84007461
99 9
82903112 48730817 186607135 61896211 93209036 77231725 207142839 58630211 91829446 8481819 90858509 81746150 172286602 31927282 186286202 63423851 21303366 23907491 74607522 113442858 76656976 60521776 40602537 140375723 22347811 65407037 7415173 10004304 39042766 94433571 277668919 48178269 15941821 101021340 83787454 57084525 167847732 19311589 33558347 97745662 233548202 117295912 53885316 71294208 63478119 38520206 65185940 44591336 13102897 218705652 62044261 115760122 148400669 84072945 218926749 18520833 218104805 111715237 147917383 125397327 116081055 76245794 13441555 30495260 49096774 20332429 100917572 43699691 126462539 218443463 8136905 18945632 129156291 12377032 5892688 109046286 24572551 78366486 119297989 1722019 74308138 166781086 210563145 48581301 152675262 14819456 141075254 183968938 145133602 5119043 46805523 5719714 55445087 210901803 23160859 215167785 13546865 23472419 95098631
29785185 18601514 14612715 58263892 57450844 16686059 90100220 3770830 48165602
69 9
138949331 115233248 11910275 36920000 3273658 31743817 200298680 231454748 517882049 5011851 235449019 170388914 149116834 158884419 4373406 21903072 219165338 255384107 86903828 24521781 42051447 220180234 9361805 206767119 23184789 38121210 25858773 8024813 142834793 223050800 112088259 118975662 119188949 41838160 181636539 242985888 3036414 22007536 176265179 49439074 23208746 161701451 92153171 10573283 68037170 241917458 88240820 69374162 151522256 23468681 30776933 58405367 1689615 150453826 43175152 6687821 12178837 167119835 261852546 45793861 38759655 2072448 135168336 61986535 131587168 13247267 103724408 59606577 16286365
78879015 80216007 71980591 32546594 12398219 43922654 77670458 9433329 32052585
78 8
47565623 80676601 78631433 71554265 125084914 81402347 107982609 15276639 282191979 82539695 110703046 87879309 54578608 62303112 137526785 8263654 356564314 54234459 10640251 50214941 143644670 202809827 212057703 98588660 80596519 227264915 72960390 104495889 37602951 323497150 291314281 266352969 131391757 7560428 136461566 90608348 204917761 113538143 48694260 144003747 99816030 45113540 17167381 14470811 3942872 174504591 324507948 45658217 52841321 158096549 33570046 12171916 183752467 93888797 157615290 54937685 5264810 50109005 14256878 88312730 3729868 1984361 81616280 141890452 43012843 172178048 132801125 37962028 41653627 17664985 29211756 75870859 145982163 232274664 136401506 83701242 3627266 22209542
90803349 70008702 96232235 72685668 79256578 16533582 14152618 42631575
64 5
33069032 31992579 35517668 34441215 17820632 275242433 54464610 310535227 209104369 34145485 299086647 134370491 186632338 49264486 190432158 311611680 225429222 100449880 43016030 48188033 110526277 41794245 139246764 61789519 44388213 65934189 106726457 16744179 220552949 25420272 95277877 111602730 142019251 234154435 111898460 232001529 134074761 74659402 107802910 147971977 119251490 130570671 122921911 47892303 138170311 24343819 55836793 224352769 28192759 300458830 40717792 60713066 146895524 126721731 29269212 233077982 189059975 145819071 102877517 118175037 45464666 112974913 30345665 36739453
77457245 78533698 89982278 86182458 87554641
66 6
194179153 67553277 138225645 6240676 206355409 120385200 84679813 91460824 133816158 49479067 93870432 9730954 25974433 75993835 111944642 141375837 12374327 174681093 38255078 111194581 215546028 18416932 2949943 169899961 55005376 261051554 39538387 16783814 66670220 67448888 48596010 165490474 44048643 27607551 1225779 114111008 14140441 124625539 53239262 242810857 269325625 12140562 99768386 54122319 64195995 88170091 23331060 121135261 53005497 80504091 150566456 21297690 39405391 138459410 157723705 40288448 201945922 100651443 251251415 94753489 79520265 3183708 175797915 17533875 287706863 169521545
94410767 93527710 9190619 36455448 40864935 90779948
13 2
71171954 22228533 170765844 99167128 72025478 27568412 71598716 21801771 120968899 49796945 426762 49370183 121395661
49796945 49370183
46 10
277592372 233793541 104313127 45487684 194527599 268342034 14176080 431994570 66198214 275832243 50315521 239556742 430234441 9549444 19072417 35157550 40861048 158920314 28276781 211373389 370705829 411344491 140226118 220600412 28817246 195263246 216303631 284121484 27646327 56971191 305152193 320753291 3997624 129719286 135329781 89781180 100476107 108914514 174027484 9144752 5752747 125584952 128957158 115885962 87051733 154334496
60309092 40766077 26275253 72848181 78641637 97363305 14385019 79707087 74887781 88263645
26 5
8830552 528110 39372058 158422766 47752992 136539400 76169774 134828808 57795284 51144420 129967028 220561998 294473592 37641988 128236958 324321190 227134370 67808318 10560622 156692696 22767174 2258180 59525354 104981210 29339546 59505876
16663898 98897412 97167342 90594970 23255748
13 4
52676822 747109406 108942428 35625751 41522477 62074982 107832132 284100379 88524213 21750151 98898379 97788083 51566526
46221557 57375902 56265606 26449231
46 7
34699469 43427342 150888673 16392107 14130163 34739961 198883688 136024470 101344141 16715113 35103459 147977208 46548095 32006898 56912602 23254833 147469106 110133709 102190854 162333309 68573577 73761007 52985628 89536007 92955574 142160800 92996066 71613346 210651330 68533085 83421480 89899505 104400210 43451534 13440875 28159749 14465265 61993365 51284374 136532572 1996239 80300727 24149866 25909901 23295325 44257755
66706367 39544753 57892607 37717120 86922346 48346417 31983621
72 10
300211573 77866990 161713952 111421216 40819164 260777800 17655888 351742067 257775001 153365673 30165074 60817618 142516132 48258434 87011729 17344145 65715429 157613781 148564609 128743881 17594536 123145562 50301033 118520811 257175478 276519833 240126106 257395376 145641320 227391381 33159205 3089744 173829411 15353829 241882026 227171483 120903085 161964343 33758728 381629212 203833406 92296759 47862995 73460708 164765777 131050054 229609521 49490987 150713967 30366530 11689166 212467693 148783120 67887272 78086888 21694707 263083973 30525368 202494125 137903582 172433579 51698702 169524054 208727910 120395602 196964376 11040617 85890415 319416059 112107186 176218744 229545825
85701998 11038376 89870234 60085467 49128452 19124457 92361543 24935647 35301026 25500408
95 9
169275259 280413941 175542165 44193165 288441137 95369342 66194237 46463757 203111706 74623015 12382871 13095207 94318686 124368789 203471398 6830489 82086578 223551093 78613101 3954093 70147895 50465307 102695814 32785219 93715886 78394540 65898377 125328157 74392990 1437103 13462323 147015851 58930513 66084701 195459195 74033298 65886195 66250510 95006849 152298022 3755587 19812404 266766821 12492407 105952617 4709619 46991830 250498738 214057474 310289915 8116829 188244694 96293189 122247919 61411075 23125791 31955106 302142812 50574332 258522405 136163906 194976785 137633858 211021420 34071559 321235683 157502385 67667333 132833995 23438175 84052418 372420523 183586779 55138933 81943012 265242314 94472685 34759722 136070083 207337565 30758172 17937443 125124315 121456171 121888227 62993707 223161410 23219614 148890812 194964603 71074543 73106650 78504076 97123302 7190181
62130608 10945768 27929233 81223479 73903482 43161173 83562910 75391810 29011731
21 10
130735055 47993239 14070605 77306038 135806511 237167886 120503436 126837679 252470961 93303420 123264164 59082215 77468237 17747026 243502129 5077914 23361030 65749392 39196213 205707409 50285189
35517494 65353265 84644446 82281046 45381631 36093989 7153523 62730738 82108188 58332225
72 8
28935289 248622706 246043147 131286846 271437140 30251383 148223901 119635971 7811722 23687655 179472231 143118767 155536070 147945047 37856430 156057969 147139275 75216217 276088909 166533029 43190585 6602281 202938725 150723814 173977589 24917228 115768085 157040534 105363653 43587006 233228661 137784612 80716678 52145717 110858295 250365551 144226048 192682612 88400571 56401492 212156405 67902192 133696900 88426598 84734739 25041944 93655880 69340694 92424451 73571109 179743410 170224888 602042 20626208 144101332 128707287 20617866 39206515 189496350 168475272 62277015 6477565 237426349 366594130 2203339 289028111 49462529 161038387 225095607 12102742 36626857 138705379
23085613 81824317 87318959 85816351 63932504 45651183 27899725 58985712
46 7
81205611 57858543 197157114 39187414 189954860 10965072 28023600 11629780 168826094 103919621 198410462 164112318 208108190 180550556 164885704 152328214 356380162 92930073 131788897 180257132 99358941 197930500 296208635 216739108 98585555 296982021 190434822 250126387 71027921 328822528 199183848 178632500 196383728 16592562 151074866 258581989 91383301 197637076 169599480 81978997 107838755 71801307 109536631 92156687 465966 170372866
773386 10177690 97798173 99051521 60944913 95757814 25379796
94 4
41844696 58533409 60558575 6813241 195739986 67704780 60985354 193714820 2025166 69729946 191689654 96005809 63332484 13959446 65035686 25538120 30232380 135181411 28207214 247460154 97709011 284932554 74611836 161363459 159016329 191273875 88870604 121450114 72170891 32351361 86418659 217133959 312817804 34698491 189248709 27885250 126332004 2347130 107296161 69823761 23419139 21072009 93242900 41938511 205327136 4788075 67382816 70145725 28301029 257047304 221600070 125916225 137528541 2440945 30326195 165829570 56092464 67798595 151776309 182102504 65679614 321964 98030975 139969486 130382336 93658679 95590030 9265186 214786829 4372296 165413791 93564864 100471920 91217734 100056141 163066661 95683845 39497566 4466111 219574904 128357170 102497086 11612316 35125270 186901579 119102984 37150436 116755854 735504146 261097636 84071529 123891059 30648159 56186279
98030975 65357650 27885250 95683845
77 4
19766087 18206802 12311040 41525617 79007938 2484011 9448490 28033831 148695396 48980664 29086567 2612021 10879765 1431275 67075437 80439213 107169779 119480819 88834967 19147509 26602556 20706794 28161841 148567386 39041606 137815631 36429585 57120398 87403692 37482321 59732419 70740194 126807856 79135948 11007775 109781800 26474546 69687458 30645852 18334812 57376418 126935866 70612184 87894260 65644162 26730566 19638077 76523927 109653790 80567223 49793361 41653627 57248408 126317288 9939058 39966332 9320480 8395754 48490096 96290014 187608992 51352646 40472881 48362086 58189115 156963140 40094342 58679683 29593116 117921534 98774025 96162004 49921371 58807693 87275682 87766250 65516152
39041606 68128173 30645852 38913596
59 10
22971335 34090705 94232602 77583294 73867651 74282833 185857933 116353459 72240317 176250706 178992446 50672793 84891696 73428005 176859445 4987402 230541849 162217472 136155602 193544897 41984354 119730311 94192993 21714361 77507541 7224468 52672779 36520712 157003815 147431769 18556727 202840391 316458007 102009225 196341115 40124251 28720117 276654977 73048465 53337596 159433822 60241185 28680508 126303644 48630277 115561486 183222340 242643421 20871504 10869763 62671925 118252245 49864645 13242492 79927281 299772555 200496404 112043347 163037361
45802596 14552451 5999566 76244593 64437521 8642407 36907293 5579868 23056564 5920174
46 10
411505455 54255334 79358365 109108056 258322231 94289820 110027714 209891894 220515250 3821694 161560306 180089339 18519916 149256725 61112854 140652016 380129224 167793388 260872231 269721288 81996326 321174280 75952225 360631456 91898690 71811259 2044264 251891481 20475365 420486205 88049638 113444986 143150569 429335262 228840116 178133890 162993626 198823670 238972339 327407362 42401245 3379652 105358640 35981215 224045177 383659151
88190649 68840757 48078042 16308713 79513057 88435023 96430725 34512256 79585966 46794742
72 5
240073419 17129477 132580553 24730074 166913271 178501347 71174716 154801347 32958582 128235461 148052045 93902743 155474815 90019327 66663389 62094913 40051946 129714667 136463969 5719228 189134065 31645611 2509280 140347385 209624117 109224615 192673419 28613490 160163969 36841998 70202743 121142097 190613271 185924117 97112691 39079973 78775313 78101845 20846658 30092696 20742595 32330671 170796687 71681949 20069127 55179376 102131251 69529275 158684763 79552844 31479376 182040701 10380175 67291300 120468629 81641199 27940022 127561993 201245989 179174815 98591897 9602644 129041199 189807533 59570025 40725414 151591399 51191897 131101347 106014667 139673917 93229275
34332718 30449302 99621971 61572072 10632718
55 7
250545960 15813264 12736892 209258995 35341514 62117853 125314477 236460035 39085888 52566863 224437921 129058851 164112930 30579550 85095581 148550883 137336591 29330457 50917489 13173177 47161531 72107472 56711746 131325534 119520220 79960511 134699146 146889925 265724886 30992190 66096415 102170428 72658483 86991502 176291350 150378639 93044437 103944245 202010906 56928546 161112424 244534903 2005749 238343597 61384030 121181953 23906962 62722803 45758476 87837409 136731641 270872315 156440140 203931317 76562956
99728394 27381289 68602731 32528718 6011057 94951727 45570766
13 2
24516774 114754320 27902577 45118773 52419351 122054898 97538124 7300578 69635547 17216196 76936125 167173671 62334969
69635547 45118773
20 3
170768368 82084926 104750765 26896410 51527919 30841994 34787578 152048113 73908771 144156945 78139342 43351764 66017603 74193758 166822784 100805181 96574610 174713952 3945584 148102529
69963187 3945584 22665839
99 10
34498535 205072416 180778673 137248612 47136444 86732577 74721702 107911214 96009246 22597643 236785599 91838275 6298310 120724456 10934743 8473706 93301868 217493305 29004264 39764197 123447209 71715445 185009736 19111552 17622235 99300703 48680346 159056763 155111179 107080736 230306547 111716663 132179734 21286948 4987615 23057136 31586882 78134798 124779965 41901593 67380797 120834381 80325956 1419006 173327843 144992976 98827552 57040739 208363931 64931907 200932329 223899926 53940195 59172140 136840884 148704558 14880327 92420931 69907315 49179294 18695548 130434263 73739144 189908047 139853412 143655233 29455481 90170896 38494616 138586355 93157685 99708489 114317835 105310042 6913277 117407718 4528122 16059105 101845885 12704931 10545679 156718535 66079874 16650515 72235442 21747937 199741331 191416357 24028856 132895300 111001097 42408858 9963023 57846396 104594476 244248085 21095088 94966055 171418120
6406621 81367987 59944292 28886181 85313571 35126504 69228308 15969285 24507307 13792629
40 3
10889094 57003557 228646210 131666221 131504577 119767652 39814788 17188769 108878558 148854990 57165201 68902126 171481009 69063770 22787663 211457441 45266632 136956421 39976432 51875001 34686232 102578883 62602451 114477452 114315808 28077863 79791220 194268672 22626019 11898569 91689789 154292240 5290200 188669778 74501020 34524588 29087338 96979989 148693346 51713357
79791220 91689789 39976432
50 6
126564459 71734854 684306546 96608434 165459405 42905609 275040422 130497125 9522283 32968350 82768701 34739220 90941144 182105348 182151068 23699319 3673360 8732806 74841797 175305224 26572831 114869577 12972583 41539344 63562411 10473484 151859157 158659281 125903424 19772707 52528564 67449357 5444230 4493029 29389608 143692768 150492892 47934863 188905472 110982631 3719080 136892644 106697134 72524331 190271737 87490844 27939096 169699182 145463638 168909705
71168437 77968561 19206290 14966513 73683064 34833838
26 9
247359651 124120838 127960496 46722304 389920582 943040 120884616 40505845 220931075 93434483 51311552 99722463 49353951 19767403 143802995 120460905 321297717 170562563 70092393 256660647 126789374 145782516 137399748 33889228 44611730 307029159
72102593 73880452 62526496 86098084 68415659 1055287 41825941 44929898 35507523
63 10
64221140 11241588 39897357 342508978 13082195 56719971 204751199 192476045 28703382 38255636 5385159 186670106 109124845 196612384 128913550 162346323 174777496 3740419 50863542 46316082 156489894 64463536 185724547 198894770 180813677 178785695 5197784 129475846 284742218 123057121 84578880 139496493 210607628 123619417 11054213 260999900 14323362 22378560 318219039 20179791 111154307 278885789 142083773 66808420 8466933 70077569 215292514 168921067 145352922 45753786 253550736 58607107 70319965 172929266 7972439 214397445 90808512 97456762 70817385 130370915 344100098 16910642 136227344
75275353 5856429 58835981 68523855 6521973 94834533 44175193 84457008 31052565 67493962
21 10
252698429 43232703 92645125 203286007 46177313 189646681 52507075 61044721 66671425 110457143 144029697 81731037 89734211 19483701 76983383 96063973 6701269 331887967 5322193 208424461 49596161
36467019 51234862 23280186 25861556 25459476 98186280 1113770 9041783 76844923 4219530
81 4
14477815 74125640 40000245 104917751 5343979 59822039 18059611 81231802 95535403 30087026 64743292 50439691 61410008 16223130 106663066 41057343 97280718 28938762 16754001 48694376 52185006 50879396 4038369 63155323 37724059 61567354 139043146 7371653 128072829 38163764 83507988 86310401 28341711 25448132 117633383 72537671 104386880 5186633 3507498 82819771 39469374 5783684 17902265 70261485 92202119 27284613 36136090 16314296 53772975 129818144 19647580 3598664 42802658 82977117 117102512 39909079 26753742 52027660 140788461 8677263 47106407 70792356 115357197 151758778 27193447 6931948 14568981 108251035 29029928 58076724 30617897 71849454 73594769 95692749 93947434 48851722 17371394 84565086 39312028 60879137 126327514
34125395 43507743 12715632 10970317
74 7
86769411 53347394 248309768 98646677 134309662 40785988 44395313 262901583 87125543 179970970 95829298 233011275 56986909 274422717 114223686 170554951 13077494 92870173 141128581 184180283 125001449 8760375 17464130 163909605 139917522 85802928 40859777 176331455 97966287 131712562 96292263 35858518 174657431 212925299 91579432 76021585 391630274 298784847 91334856 170911083 8120087 3402984 130243012 212674830 59123898 153746465 215854234 137489066 25017774 254696623 173402520 35439405 31336925 169944600 352787885 258799103 178759911 72533728 80738688 14505005 313265106 102068767 92189783 7437760 173832441 21378259 13824615 115478597 224059194 218701803 2983871 75381297 69604793 119581077
78365168 38842389 83785540 87888020 4957407 99520710 54251364
91 5
122764852 52515717 224964251 106030827 847228 121289042 3831428 73347714 28851685 172957531 103166212 74946392 203114260 46603704 76422202 78026370 98610424 24173029 103198792 24511260 104764890 151107540 52763660 227796286 97349977 53991527 2323038 27495460 25987070 222132216 51497723 51159492 95778389 50021913 756940 80768117 125596887 274138936 128428922 99100820 3588975 55257464 2017387 126862824 101690402 149599150 26019650 72114357 250474904 100366757 201300219 178869544 70515679 55838148 144953074 129694859 74856104 152340897 21679225 326145656 98858367 23155035 54239470 198468184 73590167 46851647 25681419 176037509 174771572 153939575 23187615 24420972 48175292 751450 75194335 150865087 177603607 49345451 101932855 1984807 73685945 276970971 51192072 18599247 248966514 79502180 21340994 226778292 27253007 6663463 105012833
23664032 49174685 77179142 52006720 98101427
31 5
53056635 90903163 167705115 178631433 87779532 44626591 104596224 183714634 56344455 55537282 107735482 155971624 154027681 246016352 5957263 115358353 143101363 17690754 139962105 18497927 65926896 115522542 20978574 30561015 90918790 218273342 79992472 118661800 76853214 93669906 28601445
27743010 63108891 62301718 74603594 74035209
78 6
183811045 173234140 123920964 19766041 66705824 2363882 157776984 55973856 140115577 160024539 238130310 345587847 214992124 52480441 120870026 207893543 330004853 63241579 54727996 282106679 142178899 22243674 29216417 73523504 235652677 51800320 181747723 221132314 156531124 195083162 26738784 46214413 10323237 199409130 224891539 45534292 256057527 290620262 288372707 275037268 90521500 165015537 180429389 10582485 17406727 65290822 9740788 125461804 68953379 144426454 22147006 179500168 91634954 2768045 106119585 227139094 43736780 137026325 184924499 4316457 114603998 120028329 4611437 199394039 66550761 236715308 233405122 143292353 103872030 440955937 272789713 1654591 266523685 7493233 149263401 41489225 214159571 137868022
56382587 15582994 64896170 93289545 58630142 16997996
69 6
100700047 124338122 7139271 143883816 106710919 90947840 163733527 51035082 78006467 780674 39105316 10982186 128039418 55253731 133827592 93170348 116504406 34822698 119070970 56587231 99221259 5660483 229782876 117983194 58955027 56677968 76223662 51410816 18498614 19559622 142405028 248153799 72495598 108189707 56415231 36828257 109277483 58156756 129127194 74799425 249632587 49161540 84855649 69011251 42589663 49556294 228304088 41110875 58066019 98133483 34559961 37626528 132348804 94649136 76527679 134090329 40529553 26772033 92345309 57476239 20893122 14710250 114281898 66167438 136616854 152461252 138095642 101004064 47682752
95783284 19849711 35694109 10056224 11667029 87509865
16 3
27899130 25185013 75186278 70026383 49147137 3937006 1222889 117581870 46064259 24816252 78269156 123110526 72740500 167951896 19656357 54307032
44841370 23962124 73963389
21 6
46255092 121714320 9667562 118831445 118956839 48302642 87665237 19083692 211686057 124951284 138274379 60986635 43018128 16675283 49137967 253558101 68283052 42112662 148885720 80304175 125856750
89971737 26342845 19317540 29958731 86626963 11913313
39 10
180746337 63953748 280252540 89272256 11082126 303508157 28722458 119023268 34971992 71957016 94170588 71631924 80176908 151064102 80008640 17860054 263094744 188835655 65491203 77329538 234928744 21754077 208840338 2144629 96492950 472175142 36220798 88395244 329596563 10233947 177455738 127026536 169226207 520576847 112527873 34418708 94969870 279375528 162257826
14250050 66916264 84062437 877012 78829577 93790807 84861719 67221387 29998939 16442659
91 5
3190118 2113072 48040692 137611814 121037984 71577168 11031308 92362236 2644704 68147718 43044352 33582892 63336974 46034324 14603690 39707056 12690764 135698888 7947894 50192594 40691948 35881204 128879174 96188088 52597966 55003338 100109984 81130782 30046382 22898140 31669966 86527414 134674810 116227240 43628952 75295960 30645888 15096136 78725410 88440340 91377344 177519016 41223580 173200718 13436680 65742346 53343882 91869790 15842052 45449724 36480710 111484370 56773332 91338158 131776992 52105520 110991924 69171796 2205226 134182364 97704612 52851436 129864066 8440340 53836328 133689918 37794130 48533138 33872234 175113644 98197058 17009062 172215826 86034968 73490094 17501508 134713996 28240516 50938510 41716026 90845712 292300 40638980 94275162 25835144 83536154 31959308 34075338 85542522 118632612 77208886
43336652 66034646 37501830 2405372 492446
70 9
155940139 54204890 5058890 38750587 294881463 82610499 8970433 12836378 99475942 7838743 203710630 29109521 125827852 105238627 16870375 237794104 173930476 57073057 37618897 98361447 116341268 47958906 41085028 190865731 16264622 32493131 113205121 11773274 19379026 110192660 158301963 214728718 127359356 34190653 152477548 129256096 246583263 81090526 137644317 51821474 52830345 63970807 45446878 36483832 23447528 298811556 216957591 20298619 185720293 258504805 670633 157139510 7110171 40649804 22669983 228724651 59967575 83424967 276363417 6278836 11304874 117073217 246737745 136630407 106850253 75227032 82752662 81601628 224251780 213407963
87231747 26351910 24017469 53643141 76129106 95097549 12391290 30508726 43126739
59 4
209825386 35035673 24315809 104690744 234510101 59720388 224793690 109420903 213742741 74016324 138354058 135440156 44270365 224462605 31118318 159121418 85739641 184809586 45083169 198774437 34032220 80006029 264446709 54990229 289131424 95787137 70771337 65037725 313816139 9347505 15337210 68955080 274163120 94974333 123385754 144343763 98701039 60051473 134436703 185140671 29302061 73685239 238427456 99704492 55321314 40353010 20067369 163038773 84736188 19585650 119659048 109751988 249478405 174089722 10350958 4617346 15668295 124389207 160124871
24684715 75388683 89353534 39653019
55 5
180364879 146217119 96548530 22501775 77265518 228033403 238884514 58644878 75515939 219932688 345408581 4219580 177363997 5630714 3549949 106662817 13321112 5894707 12320295 31603307 140461162 14732246 104318059 131359630 95547713 94467765 167182517 337307866 8239465 253410817 68495172 60394457 87446998 87710991 23171406 68759165 157068230 150311456 92123007 255491582 262181163 178364814 94136579 159412988 146622757 85366233 163493818 155393103 77596704 49543346 4550766 24846533 27191291 12651481 73576819
81816284 79471526 18951826 89916999 73045938
20 10
312192241 42339959 77107623 56873269 57911474 243457975 277196221 202123418 53302225 253327925 147815791 54611600 25048625 70593559 291013009 320032544 106481234 18534561 380675856 38768915
29019535 34996020 8785181 52653639 49967910 81234594 48360486 43453846 89276219 77173132
14 9
159339579 83103440 61909146 233546245 7733941 241135052 232564766 37046624 91002826 45372824 211152890 99573112 111915710 190092399
24481622 74762727 24862522 67935468 64038945 54552028 12716943 11860037 16292236
87 8
80559928 52273657 147307023 40870842 33321843 199479180 58232053 92541372 149718690 92721273 289545882 248181822 13198702 96210663 76504778 204055832 122046550 130853173 79861426 142671477 118150027 207206522 36585559 208878595 116049963 74230399 130171735 19835881 85904193 47508021 101902539 293215173 2101676 196009665 122869944 3382031 34361109 29652552 8913419 30870161 9529411 90399432 76890637 137991979 95456592 120485006 150976314 18639897 50893471 79394460 141661270 139002186 127183882 14970606 51722320 104562777 100457698 113573432 82234902 128648439 55424347 67784452 100976299 89051982 1711516 6688969 171828473 143722103 85494159 93637717 5244128 23505172 52993535 23895490 79945797 3776650 29773816 70209139 149064507 35382676 83469326 192340374 51177312 78565611 27656374 54562762 244512531
3669291 65156492 45033351 80667287 39919219 22412246 48602754 3958163
73 5
187896698 72182424 69414097 84989610 177382394 28242273 144221880 44944895 180350556 25274111 88419878 111279262 86810060 71234547 183318718 95503914 83841898 33303482 3773071 119973116 91388040 15918316 100281729 170511532 78118748 39239806 190864860 94356202 2625359 92535752 79928401 99619788 64636282 72844365 20696131 162965390 3111130 1466850 167543370 97313567 4920783 118825404 20496296 122941278 99134017 92073646 92735587 89767425 91587875 142968 276859214 342803 98472076 164575208 78780689 12950154 18886478 87957772 102587950 17727969 204819758 7403174 52491037 75150586 16580257 76960239 80873736 147190042 7888945 108311100 6079292 58427361 90925934
20353328 91730843 72039456 2968162 96508658
24 4
29802616 60139952 254915878 13960091 162151614 62961648 158938763 80631683 143096238 16781787 235860502 177994139 2324603 157553422 269373062 61576307 114144243 10747240 66174499 77418832 191065982 99687059 239073353 77809987
76921739 14457184 78307080 95977115
45 7
98083982 32003724 60345297 193682488 82960031 83219700 56313713 159756424 66537754 107202070 39281724 101878994 142794131 126091775 110495372 298020769 181592170 108897325 187291765 18315359 20981053 174880375 154884449 150550744 34238995 63620971 104795777 30405677 72497018 79747774 32100932 5897422 136882021 10258639 84327667 44695461 89431799 207698472 55534993 68944047 70898971 260022415 192431702 315215219 284494865
64644672 37998354 76796393 45276354 38258023 67600727 88664300
82 8
93893932 160140057 122411318 253676002 241928308 59819871 259533471 13506206 268282773 46588729 35734146 42791453 7658638 41317576 80265400 298213983 147274475 117650631 118798431 18694090 19471522 319117940 124923212 108987201 17035824 70953404 28093161 85779361 48322845 78275610 169633598 44790814 24561130 191486379 44930463 57303317 13962551 72685453 264868836 318583316 22944760 186673654 3087752 183200416 162635056 395439011 177669024 242262245 183004389 101335969 56103479 52294565 380078430 74272434 113789679 94516679 127920289 229138922 171578648 177235100 53910935 114005524 144532726 52306549 50572087 78533351 167643808 145292545 50304775 111793162 244499503 47366161 216349536 35786184 31925232 31483476 195654126 283108730 82062969 109817959 9200549 3409705
96969700 69075061 61495114 81864447 4490236 10603033 4757548 16701805
18 5
131189866 49295036 24039116 72685346 156445786 53291376 107799556 158311396 127193526 22173506 31235858 69484944 78547296 1216804 149249044 101937606 133055476 47429426
54508180 25255920 11695155 47311438 90242451
88 4
89283781 47939869 18284778 204577828 79004349 134988214 13885607 93611251 115540854 62955007 1162582 121102607 312074686 10207731 39862822 91447516 59556989 25255920 161316988 43540698 69869472 5808560 92610098 27419655 137223650 143032210 199016075 55983865 24093338 105333123 27491356 36536505 58147600 29655091 200106956 118938872 196780639 12443167 85638956 26328774 42098258 90284934 31890527 2163735 108659440 64027861 61792425 33299916 75431225 139387385 49349258 8043996 37627386 16121043 54911011 172687301 95846687 201179810 226435730 146358527 149595116 21682796 17211924 66191596 140796774 4399171 129179654 177086472 252764504 174922737 107568559 258326257 145267646 147431381 51584694 19447360 202342392 123338043 83403520 170451865 35463651 81239785 89212080 73195789 166878741 53820130 116703436 28492509
53748429 29655091 55983865 91447516
18 5
193575012 53428668 79872758 26450025 136723885 32109364 2692317 83301152 135015623 138432147 33817626 113696319 24741763 55136930 1714197 56845192 115404581 111988057
58559389 81586955 978120 1708262 39353595
40 3
65013565 160523897 134379091 165864540 144254180 112768731 79240615 47755166 38868759 86623925 60827569 7383310 99696328 115966045 55138476 3197314 66168212 13072403 192009346 129038448 102893642 18413046 178936943 92313018 31485449 81283282 16269717 96499014 29342120 83426611 34682763 33528116 51941162 68210879 131181777 44557852 70354208 20455713 147451494 118109374
47755166 31485449 99696328
73 8
189283352 85852509 35035406 124136384 181660471 96789845 285843216 52628207 172146492 240771332 51670211 290550300 108905919 134388591 106121738 95731193 248039719 66445234 74008680 64082252 39453481 98448669 33191448 217623058 136078830 194835197 97171713 104347241 51330442 22382106 84575553 27478010 58887838 196840748 102934667 78676981 27041440 168315185 196725075 103288589 143636226 141945987 147988816 86234377 116578988 216613656 116662308 120947521 48415217 98564342 234694433 34598836 316953568 248328728 57747110 130345827 6548139 122788431 32185094 109015542 33589434 216215670 66361914 56524856 131693780 65304506 181899292 309396172 1363751 167073509 62076701 231439439 15950713
68624840 7557396 14825783 66379248 26602261 74135637 71103495 21961334
13 3
78675837 41167366 24386435 61894906 86281341 37508471 3658895 65553801 127448707 16780931 20727540 103062272 45113975
41167366 24386435 61894906
47 5
168660133 111484573 194574684 254163439 10187851 221760714 137623248 201425127 129268820 197935024 44947345 68594775 10371860 12406475 156454850 176652292 99141145 38321026 211411786 89877507 72317384 91148986 299271861 77534079 178646792 25753474 132629160 133900639 53123513 233965997 22393134 199206503 33835281 19127155 8916372 155183371 135895139 276717650 56389492 32742062 220489235 244176780 111346428 48307685 116701268 259880548 44769085
65305864 39391313 22554211 77511147 32764994
62 8
83951209 164138006 90345716 315990045 237361970 351608383 242766081 32240980 245078709 132629912 140649200 219475434 181727008 39449167 256893821 331885157 13187479 228337836 58599261 234012206 72230320 424832347 102013222 53384936 228277884 242814656 155113872 142104520 258661193 276367557 203143593 281542808 111235907 178319129 16345868 52380022 48311569 245924470 24912395 283125200 73136033 52975904 105095165 213873164 84893030 205183592 74275127 354766772 86411443 80792820 226744067 172700506 28789258 145454284 10727245 67512676 75808944 375523928 205853876 228735491 146251470 146359997
98048428 96514611 70065575 22881615 1991424 83969263 39622488 82538823
52 5
44921733 69512856 93833882 2535605 76855548 56393050 156335821 48637639 9624908 140459402 68553563 36477126 40716518 4949709 144175308 9878297 14442729 40446421 90587960 13864300 73228762 1433690 89016061 2392983 73482151 118425005 123100204 36207029 101589293 101446671 59496350 89628667 110939691 44232537 11886003 43962440 31801927 57082246 65037544 26024813 77468154 65996837 21785421 61068249 6521608 123353593 147944716 19371317 85389275 113607184 18682121 19641414
12160513 24591123 70946546 16835712 49871442
21 6
54061976 138260550 102051856 75180360 62362380 95637756 98167167 114869836 10861773 71505446 85349187 31412063 80998476 90322730 16772783 156445616 83527887 29996370 171685469 23567626 38822123
14639280 70234186 23084290 92456233 70136703 77216380
20 5
53123483 232050974 16644967 5020927 68106434 43081629 118908192 35421054 4463822 220170703 53660312 123965591 189213471 256649219 100668934 149865424 77721728 99367346 34884225 222435680
48102556 24598245 88544537 18239258 54330998
28 7
168147110 175886388 137173178 135937380 59506502 62203249 161180076 4144554 20793292 25929742 102217873 88501748 78210975 14162013 92631223 86971655 234848591 142309628 19557494 45394976 145292846 167078034 29408231 54176637 5044190 38168911 49936640 30180557
65994853 89434405 24034338 7055763 7673662 78365336 97675413
87 4
116133790 13241413 10726704 122023212 118648499 38720889 62689006 11378059 84793769 96543736 94680382 19780490 171470805 4866159 173334159 22476671 26970922 60825652 57009933 193575568 104106076 168096092 40393807 208489899 20803753 18289044 87489950 2324273 31530457 217543685 71924264 51771866 94029027 4187627 66686197 17238604 207188889 75739983 157741296 179846059 16616126 74438973 99918449 88168482 144127975 7562340 41885253 123886566 79114696 17917136 136937543 201950822 29667103 90031836 159042306 195438922 109594713 145991329 53635220 80978050 65385187 278741245 50470856 251398415 103082813 40584243 125187576 72575619 8863350 186385136 26292390 110273245 229293652 114832780 164280373 35346176 256636482 92356109 163908465 44581434 114460872 66063719 149366042 101219459 32831467 247210788 112136599
83302323 49447593 92356109 22104763
40 4
29308939 70775370 41466431 1161128 51699358 49546079 112241801 20237140 23382570 74089777 31462218 73920800 92004661 75081928 39313152 50538230 95319068 53852637 72928649 18083861 54844788 114395080 21229291 93165789 71936498 22390419 33615497 3145430 43619710 52691509 71767521 19076012 91012510 96311219 992151 76074079 116548359 69783219 2153279 94157940
20237140 21229291 2153279 72928649
19 9
75410292 22859486 128547236 146913632 96946304 32152019 16588308 168762450 70684694 250096420 16527944 151066578 38473602 8953086 128506626 52277688 125752632 69671721 974192
21885294 49870488 80418360 3458478 8699054 99547240 21829008 34559219 12859114
72 10
235012144 286781529 197234794 178784623 93278954 216007714 253266871 144683948 283584382 94658534 91180476 361650235 204984293 37788850 215457763 254110790 125911028 36527979 210936036 16266618 257307937 33913788 477925154 126460979 92560056 60057196 66360386 22599535 4376566 100029599 229796015 130502045 167761202 267781407 297254999 49173134 112146270 7322960 48586320 247134991 41517537 212516460 15104217 30168704 202105628 89530788 248639788 81942397 275369798 292086144 149311031 18077808 131862771 55336965 19145283 104650952 32177681 87139410 197743611 107460857 67427861 391123827 11395784 174157540 241734208 34527214 244931355 184205269 163239475 7054387 7440652 25097026
13117138 84889807 89546735 12664377 59235188 24105953 78039866 72841292 14736796 24655765
96 10
277856907 160676376 238433592 233577338 28513349 115622390 124706627 75641496 95723934 56831891 43313754 161133175 109804324 254397940 128786182 114819445 172924563 100658247 290187912 115300132 155839416 150303256 136120734 107965580 77427643 160522741 76209465 135475613 135629248 48349501 108067847 12578441 64052281 247640242 170790805 304193871 265497210 184243468 33067580 118739140 53804242 200722882 282955627 49333951 192798216 221543484 317276927 207344926 10993565 67288725 170174474 149353872 371787320 137568705 32874579 66922200 98094610 46667792 222406493 129482654 181343343 135288186 108119215 5596240 116316313 109011018 158389307 221446060 161286810 39258532 193060920 304839256 213881522 311008514 81098062 350966718 26416842 124096193 128939817 256173296 198261953 46101598 243227095 156449850 171977614 39412167 272982390 17910436 90181453 135640047 111908521 276993898 162309339 43824873 298677509 191611407
21683611 83248733 51615688 97074282 91054085 42547670 87138673 9716362 87443890 57057535
76 10
52311441 7869440 89465234 166805093 84819083 5388226 138376711 48212326 21628762 103224556 121590102 116958395 70704490 12171389 47649899 58433043 31601443 43502750 190020825 119846589 106267093 170842519 122315690 145352870 222453719 82133804 7676444 115193893 83212643 76955061 69231409 78737227 71604777 68715138 44637197 33207883 46415970 61069766 107856263 39439811 110898800 90188802 28737317 109101384 49268904 59287600 103922641 69978902 8108450 230504243 66973070 24105610 54957231 133745004 67151622 65347195 128566261 24161715 3961301 41498805 123934554 66947557 72323354 54655893 15540422 52844033 85557095 182817972 229429878 126768845 17103938 29982438 91723573 140721163 5195230 118558757
95684874 17667461 4631707 42603417 27582034 30995551 40797897 65846978 39559473 3918718
73 9
154858914 139965523 43321542 75022744 18499243 20451150 29747683 157549347 261504202 5831397 176169046 491678 202002076 170175790 38311930 175158315 15690401 51971408 11375136 171525673 118585671 58611331 130402854 158808148 13855870 25920205 129100568 160879257 86896521 44114991 173222648 12288705 31334608 73830210 205178387 2994238 42716774 162587052 28757364 116145563 117038662 85212376 170385489 40484383 2992172 164055568 109872632 59622062 414194 107482924 51127535 119539156 87789620 118627074 26469000 279134036 135046227 159868526 200991345 52618075 49780916 168518392 148605743 1593955 113955071 90626779 87140863 128568787 10004716 84319277 169165059 20541439 20671669
96902014 56572644 52385602 27373108 30210267 57275804 5226867 15913143 21379852
90 9
311636682 224414727 154155223 249985235 49876008 73240452 188636352 31491690 610431119 99362807 426171216 319699401 76283063 57254695 152648245 453683671 77139740 432038223 200821768 120783401 28326659 378320313 207018431 267276381 378506138 70209917 28907243 216064936 93701213 94679609 225827581 150331304 248587748 293282720 99120161 10794618 193950919 64774531 26043527 71293463 103481229 121437077 210629550 274991899 147200082 86307964 68262928 431739347 178611451 22360716 312933531 289487220 276401916 31937778 70527345 35097419 296667669 43098761 394756708 22129996 119274146 102408709 21185107 32820774 47281935 273371381 42480169 88584609 69895976 27428484 378091295 13467686 199628541 117975897 63213126 113917241 324382599 130909813 110795448 28360468 24536549 96434925 101552032 251148314 2551728 165224086 31357194 471974492 249219117 498391173
66454613 89846149 98089039 20651337 48079921 91243636 71672358 87004287 87435606
13 3
10848506 87462840 3199152 73415182 52354825 38307167 59367524 35108015 17246810 21060357 49155673 24259509 14047658
35108015 38307167 14047658
33 3
44508382 121106942 41409836 20156220 35188724 57991613 133040900 6672989 56442340 33639451 69925571 141263162 134590173 154746393 111787284 197705502 146524131 71474844 68376298 168229624 11933958 78147833 8222262 148073404 90081791 63115329 84820822 224671964 119557669 21705493 91631064 211188733 13483231
78147833 13483231 76598560
19 5
895594834 123368010 131319338 132612093 78849825 79542020 77242365 15658824 74292811 18923083 223125868 145120435 127925024 37411249 28167166 31759576 174050669 22515493 72685351
57026527 59926742 50682659 75767588 67878070
16 6
134123860 15260816 254966086 10123092 46149502 165012546 107699969 59248381 98293184 170150270 93155460 234384019 69555000 74692724 88017736 249828362
5137724 21473791 62450301 80905313 41868234 90136681
25 5
85775356 132476941 23769571 134024078 117358551 172477030 120784655 78905599 159162251 34423578 112367761 130597974 27195675 113914898 32186465 30639328 52295645 110488794 89201460 34065432 43878751 55352766 50748508 199086984 5501155
46794490 38377596 39924733 8341538 50145238
56 5
78626191 88812841 33422201 94495769 64783225 158961407 9527580 53454018 59136946 32527477 81123537 39746047 91228254 51427406 5328692 17671205 16187165 60248598 73993218 121575972 80652803 36689716 84272470 159856131 11011620 30030131 79639497 31043437 96874533 32408895 73956569 139824314 72472529 177861336 174712403 223308463 4857958 42632194 52559294 86687883 66267265 52440712 95509075 170172032 75477258 136938167 158842825 15173859 58123640 94377187 27775922 32056743 25360509 243340280 68310290 76371982
83484149 64465638 63452332 48596060 42949781
21 4
21830910 93216429 18214265 31016643 133261604 53171254 40368876 3940346 84030696 43985521 128339918 155416215 108646150 115371040 8862032 177570826 71061818 106185307 68600975 66140132 28555800
22154611 24615454 62199786 68600975
43 5
79881898 62462202 10757923 11020339 62199786 99084565 3264059 162503023 164548410 212592559 28177619 181968106 96776762 104533042 54705922 121952738 39069197 79357066 169996887 31837749 39331613 170259303 162240607 61937370 45597315 139372434 13893221 145345743 144820911 14418053 3001643 31575333 88192987 127401215 127663631 104795458 120169767 97039178 187416583 56488893 79619482 147128714 204836279
65463845 17419696 42333256 42595672 79619482
19 9
139205767 235619999 61911506 25515552 173353487 118471869 266825615 71439733 176636380 53155165 71933674 120921199 64931626 166845380 68419613 259377141 19007445 183144487 87796826
6508107 73780200 94239500 11776461 64994661 56611021 1510060 175022 96180466
95 6
27043949 53466349 185202658 7747140 9994171 3039094 391974 27044651 42137438 33768749 226718547 27274226 57233273 12056039 139229091 18132583 80349303 12180737 29336796 158319704 63068546 7576626 17902306 66144639 89490946 141186082 115913346 184972381 53696626 21323082 6227247 91678214 7516863 2808817 18905537 147934261 44785260 34229303 211625058 124135602 253140947 42161519 36186294 97630060 29461494 71207660 38478439 9533617 15715038 64900839 19076051 6573395 9763894 139022895 51279783 2684119 70977383 101938959 24880762 34022405 29691771 80119026 15739119 44324706 38708716 83425396 11951162 29231217 131897304 60421426 110078073 82536571 55989473 55883894 18675260 34169540 138792618 132044439 112370218 106771703 33999026 51533439 44554983 75516559 114533405 121511861 42391796 158549981 45327937 60651703 53926903 112346137 46617553 10913558 128361359
9141643 26422400 61067056 26652677 83033422 15093489
40 4
80163435 12892318 33821473 128852264 126877226 94043272 71859810 151035726 108910628 152023245 222895536 93055753 13879837 150048207 24158500 106935590 69884772 34808992 79175916 221908017 32833954 56004935 220920498 22183462 987519 14867356 56992454 38038337 163928044 70872291 36063299 95030791 164915563 81150954 127864745 57979973 107923109 23170981 165903082 37050818
94043272 987519 70872291 56992454
40 3
39606559 21913674 69430838 36555274 55968848 35375664 45672256 15847977 40120871 28644669 78547820 29824279 52403251 32875564 23093284 54789238 1179610 23758582 44492646 71816825 61520233 6065697 19527687 5551385 6730995 9116982 22578972 68251228 12796692 51223641 37761651 7910605 26144569 62699843 10296592 46851866 38941261 85278815 17027587 53582861
6730995 15847977 17027587
82 6
24427700 30021976 133595203 47407325 248305242 167711640 18241369 272758812 5568406 185899864 186570934 201594857 22916685 15077068 6381747 210609993 103547357 117900210 171547011 32383402 203504702 90953409 97282011 201180346 194748180 204759158 177141287 130430902 7052817 53145 180305588 115406979 112305934 39451623 12647093 286528279 29182031 7892762 277098632 127329857 238875595 65595549 21405670 121735581 262074709 19752384 174711312 162117364 45045899 100383056 18912439 102876287 223851672 4728461 271504356 35616252 9482792 25346660 62431248 50571626 10552021 17322409 235063563 14158108 14998053 170875941 194075055 263329165 32346332 233281319 10322737 19981668 165281665 182735563 189735235 253899518 192165210 3888516 295957926 136759504 3217446 35547703
67999654 60894363 71163955 15023923 9429647 23199114
61 9
105997483 254290836 52186538 211563386 202918648 63222407 23378221 152622170 22237355 104028064 114943860 197550251 281464266 18178089 167009554 185587812 132042228 296049923 184342330 248768632 14711960 48552519 199429787 254051468 364430875 264057 84576807 274841 12545129 16293152 41587 116851650 41323482 63156131 34920292 359230743 133170913 284930395 124320055 232477860 135045565 51026934 31085039 7746862 180032470 193056217 55433958 150333881 109434876 183639671 120416498 139737828 114903509 114718769 4969602 26390278 75725949 17509067 337275228 14628301 169395336
68736162 5200132 27173430 48594106 63804531 23608185 99579453 48560968 23335679
40 3
65118044 26578629 22694787 43787894 40141095 159987430 91459630 156340631 26341586 51318535 44024937 68527800 47434693 22931830 95106429 135247524 24739906 47671736 61234202 131600725 19047988 3646799 68764843 110507618 108905938 21093107 66719724 87812831 114154417 116199536 70366523 138894323 74013322 152693832 117801216 112552737 64881001 30225428 72411642 17446308
3646799 91459630 21093107
10 4
97924847 201552664 55335603 149375792 43498400 102718661 210320083 10402502 140608373 41774370
98834003 60944291 79027132 74233318
0 0
