46243952
3553826
96008493
40178754
70364949
58782321
79574601
93016872
61119622
31535629
-1
66281314
0
0
0
35263040
-1
47936579
56913246
13257384
71598716
77201099
14405718
-1
5722318
89654244
64539204
0
6469601
13778817
-1
10879765
61456555
79806987
24730074
7589463
52419351
78139342
0
17188769
-1
25184256
83865741
71120643
50439691
42070836
49683682
92294348
-1
739394
25185013
83984706
-1
28240516
14890077
84736188
84022292
47821092
87053133
13836070
3773071
80631683
94561722
70941420
0
81239785
14805215
13072403
91512111
0
94509326
-1
31801927
6408990
77164623
58189943
53635220
0
25255355
92919505
10410301
25805600
58273492
-1
0
56442340
-1
0
82331703
3844652
0
0
0
31730260
0
45672256
-1
31590410
43787894
23691529
