4
0
14731
500
500
534
832362
1283429
14660
1293762
310568
0
222301
1224411
385571
29941
1
3790
1
1319980
0
276
464293
1284877
1281742
17102
0
97
70859
99054
217964
15
1233502
1264009
10147
1237991
1234191
157
1266183
61203
1264817
1280412
514184
9
866056
2037327
0
1230165
772952
0
238
1170655
556776
155031
0
500
498502
35757
0
82378
756
1263114
0
0
1247861
18462
1245973
205
667640
0
8
500
12
0
546626
288744
1234218
2091186
240997
68
1242710
120
500
500
143666
1074348
371892
0
2
309876
500
7599
296
73455
0
7302
1824046
1246834
194047
1267099
