4
0
14731
25667
0
459423
0
447
1277655
1285503
11
0
0
500
1817
500
627
270
0
1280757
600929
116
153
449600
1224983
211485
62783
500
623894
1306641
500
1223865
68904
1311565
1246537
623874
127643
0
832832
319631
500
62713
1275012
1247627
261705
1262947
0
246115
1264074
0
1275932
206961
305993
2
20476
907799
7
63
2
1236178
10
986688
1098714
0
500
2084371
262
7
24190
6
379
1280387
697133
25065
0
472726
261649
1290837
1275184
329861
0
1226862
484257
227669
345881
1236807
500
1263800
1254363
694425
614488
61708
228
43057
1280933
0
425
5
16925
1191114
