4
0
14731
87
104203
0
266073
1241280
1273563
500
127985
74
6
736
1233783
0
121388
1279263
1266962
1276777
280665
1238824
500
1246016
229541
1260911
64237
686404
500
1287857
0
389
8613
956584
0
419161
725547
302523
1266569
1162712
25909
9
699333
1
0
1244514
1287725
14536
1277510
1238287
1261960
611661
1266113
90793
7
500
267177
0
0
0
880
160219
87013
173850
603282
67581
0
295928
12410
4
661
500
16
1250657
364609
9
2
506204
234113
370
1284171
25
207832
1313108
500
0
782888
113469
500
1342254
356290
1267145
106
194611
1484325
0
1185363
397408
0
225
